bior1.1
RFC;85.556;80.556;82.778;82.778;80.556;78.750;81.250;80.000;81.389;80.278;80.972;83.889;82.500;79.583;79.583;81.250;82.917;81.806;80.972;80.694;81.528;80.139;78.056;81.389;84.722;80.833;80.833;80.694;80.417;80.139;79.167;81.250;81.667;82.778;80.000;81.389;79.722;79.444;80.556;78.750;80.000;80.833;82.778;80.556;80.278;83.056;81.667;81.528;84.028;83.889;78.194;78.611;78.056;81.250;82.222;82.222;81.667;79.861;80.556;83.194;80.139;80.972;80.278;81.389;80.417;79.444;79.583;80.694;79.722;80.278;81.250;79.583;80.556;82.500;79.722;80.556;82.083;83.750;83.333;79.583;81.528;83.333;82.083;80.833;78.472;82.639;83.750;78.611;82.222;79.722;80.417;82.222;77.500;82.083;81.389;79.444;84.444;80.833;81.528;83.472
KNN;92.222;91.111;91.389;91.944;91.806;88.056;90.000;89.722;90.833;91.806;91.806;90.417;89.583;90.556;91.667;89.861;91.667;88.889;91.111;88.889;89.861;89.722;88.194;90.556;92.778;91.250;89.583;89.861;90.833;88.611;90.694;90.694;91.250;91.667;88.889;90.972;90.000;89.722;90.278;90.139;90.694;89.722;90.972;88.611;89.583;91.528;90.278;89.306;90.278;90.694;91.806;90.694;88.056;90.139;90.694;91.250;92.361;89.444;89.444;91.389;88.750;92.083;89.444;90.694;89.028;90.139;89.306;89.722;89.861;90.278;90.417;90.556;91.111;90.139;89.028;90.972;92.222;92.361;91.944;87.778;90.000;90.833;88.889;90.972;88.750;92.778;91.389;90.278;90.556;90.139;90.972;90.000;89.861;91.250;90.972;89.306;89.861;91.250;89.861;90.972
GNB;84.167;85.139;84.444;82.222;86.389;84.306;84.306;81.389;86.528;84.583;84.861;86.111;85.139;83.194;86.806;85.000;83.889;84.306;85.833;82.778;84.167;81.944;81.667;83.611;83.750;85.694;83.889;81.667;85.556;81.667;81.944;83.750;84.583;85.278;84.306;84.444;81.389;81.250;81.111;82.917;83.472;80.833;84.722;85.694;85.694;86.389;82.222;82.639;84.028;86.111;82.778;81.528;79.167;83.333;83.889;82.917;86.944;84.722;83.194;86.528;82.500;86.389;85.000;85.833;82.639;83.750;82.778;83.611;83.611;85.556;87.778;83.472;85.000;83.056;83.194;85.694;85.139;83.889;81.111;82.361;81.389;85.556;81.806;85.278;82.778;86.111;84.444;83.611;83.889;82.778;85.000;85.694;82.083;82.639;86.667;83.056;85.694;84.028;85.556;86.250
SVM;84.722;83.056;83.611;83.750;86.389;80.556;82.222;82.500;83.750;83.889;83.889;82.361;82.083;83.194;83.472;82.222;83.056;82.361;82.083;82.639;81.389;79.444;80.833;81.528;85.833;83.056;80.417;82.917;84.306;81.667;83.750;83.056;83.750;82.639;82.222;82.222;82.083;82.361;82.778;81.944;82.222;80.139;84.444;81.250;81.528;84.167;81.111;83.194;82.083;83.194;81.944;81.944;79.444;84.444;83.333;81.667;84.028;82.222;83.333;84.583;79.861;84.028;83.194;82.778;80.417;82.083;81.667;83.056;83.611;83.194;83.333;81.944;82.778;83.750;80.000;84.167;84.028;85.139;83.889;81.806;83.056;83.611;82.361;84.444;82.500;86.111;84.306;80.556;84.583;81.806;84.722;81.944;80.417;84.167;82.917;82.500;83.056;82.500;81.806;82.361
bior1.3
RFC;82.639;80.972;79.306;81.667;82.222;77.778;82.917;78.889;80.000;80.000;82.222;80.278;82.500;80.000;80.833;81.806;80.833;81.111;80.556;81.250;80.972;77.778;77.778;80.139;82.222;83.611;79.722;82.361;83.750;76.944;78.611;80.833;81.250;83.333;81.389;81.111;79.861;79.444;78.472;80.417;80.972;78.750;80.833;82.083;80.833;82.222;79.861;81.528;81.944;82.222;78.194;79.028;78.750;80.972;82.361;80.833;83.889;79.444;81.528;82.222;81.389;81.528;79.722;80.000;81.250;81.806;83.750;81.806;80.972;80.139;82.917;78.889;80.417;80.972;78.333;82.222;81.806;82.083;85.139;79.028;82.778;85.833;79.306;80.278;81.111;83.889;82.639;80.278;83.472;80.556;83.194;81.944;79.306;82.083;81.667;80.139;81.528;81.250;81.528;82.917
KNN;91.528;90.694;91.250;90.556;91.806;88.750;90.139;89.861;91.528;90.972;91.250;89.306;89.722;91.111;91.528;89.583;91.528;89.028;89.306;89.167;89.861;89.861;88.750;89.306;92.361;90.694;89.861;89.722;90.278;88.194;90.417;90.139;90.417;90.694;89.306;90.694;89.861;90.000;89.583;90.000;90.278;89.444;90.972;88.750;89.583;92.500;89.722;89.167;89.722;90.694;90.417;90.972;88.472;90.278;90.417;91.111;91.389;89.167;90.833;91.944;89.444;91.806;90.139;90.556;88.750;89.722;87.917;90.000;89.583;90.556;91.111;89.444;91.250;90.556;89.167;91.806;91.667;92.917;92.083;88.194;90.694;90.972;88.750;91.250;88.889;92.083;90.972;89.722;90.417;90.694;90.972;89.583;90.556;92.361;91.250;89.722;90.278;90.833;90.556;90.972
GNB;85.000;86.944;86.250;83.611;87.778;84.028;84.306;81.944;86.111;85.278;85.694;85.278;85.694;85.000;87.500;86.389;85.139;84.306;86.250;85.139;84.583;81.806;83.472;83.750;86.389;87.083;83.750;83.750;87.083;81.667;85.278;84.167;85.833;85.556;85.417;84.722;83.333;81.667;82.639;84.028;84.722;81.111;87.778;84.722;85.556;86.111;81.667;85.556;86.111;86.528;81.528;83.194;81.528;82.917;84.861;82.639;88.472;84.444;84.861;86.667;83.333;85.833;84.444;84.861;84.861;82.639;82.778;83.889;85.000;84.583;87.639;84.861;84.306;83.889;83.056;87.917;87.083;85.972;84.444;83.333;82.500;86.667;83.056;85.417;83.611;87.639;85.556;82.639;84.583;81.389;85.417;85.278;82.083;81.806;84.306;83.611;84.028;84.444;85.694;86.389
SVM;84.722;83.194;82.222;83.750;85.556;79.861;80.417;81.944;84.167;81.944;83.194;80.694;82.639;83.056;82.917;82.361;85.417;83.056;82.778;82.917;82.222;80.278;81.111;82.222;84.306;82.083;80.556;81.806;82.639;80.556;82.361;81.667;82.639;82.500;82.500;81.111;81.806;81.806;81.944;81.389;81.944;79.167;81.389;82.361;82.500;83.750;80.833;82.639;81.111;82.639;81.667;82.083;78.333;84.583;82.361;80.417;83.750;81.528;83.333;83.611;80.694;82.361;83.056;81.944;81.806;82.778;81.250;81.806;83.750;82.500;83.750;81.806;83.750;83.194;83.472;83.889;82.361;84.028;83.889;82.083;82.639;82.500;81.528;84.722;81.944;84.583;83.056;81.250;82.778;80.278;83.472;82.500;80.278;84.167;83.056;82.361;80.833;80.833;81.111;83.611
bior1.5
RFC;83.194;82.639;80.417;80.556;83.056;78.333;80.694;79.306;82.500;81.806;80.972;80.694;83.611;80.972;79.861;82.500;81.944;80.556;82.222;82.917;80.278;81.528;81.944;79.306;83.056;80.278;80.556;80.278;81.806;80.972;82.639;84.028;82.778;81.250;77.083;83.194;82.917;80.278;79.583;81.250;82.361;79.583;80.278;80.694;79.722;84.583;82.222;80.139;80.833;82.778;78.333;79.306;77.361;82.222;80.000;79.028;83.056;80.139;81.111;84.306;78.333;80.556;81.250;82.778;81.250;82.361;80.694;78.889;80.556;82.361;83.750;80.556;80.556;81.944;78.472;81.111;84.306;82.361;80.972;81.111;78.889;81.111;82.083;81.111;78.889;84.861;82.500;80.417;81.806;77.500;80.833;83.333;77.639;81.111;81.667;80.833;82.083;82.083;81.111;81.389
KNN;90.972;90.972;90.556;92.083;91.528;89.167;90.556;89.444;91.250;90.833;90.972;88.889;89.306;90.972;91.389;89.583;90.833;88.472;88.472;89.028;90.139;89.306;88.611;88.889;93.056;90.278;89.861;89.722;90.694;88.333;90.972;90.417;90.833;91.111;89.722;90.833;89.444;90.278;90.139;90.139;90.278;90.417;90.417;88.333;90.139;92.917;90.000;89.444;90.417;91.111;90.278;90.000;88.889;90.694;90.556;90.833;92.083;90.000;90.694;91.806;89.722;92.083;89.028;90.833;88.750;90.278;87.917;89.167;90.556;91.111;91.389;89.861;91.944;91.111;88.472;91.111;91.528;92.500;92.083;89.028;90.833;90.833;89.444;91.667;89.444;92.222;90.278;90.000;90.833;90.556;91.250;90.278;90.556;91.528;90.972;89.306;89.722;90.972;90.417;90.556
GNB;85.139;87.361;86.389;83.472;87.778;84.028;85.139;81.944;85.972;85.833;85.417;85.556;85.417;83.750;87.222;85.694;86.944;83.333;84.306;84.722;84.861;83.056;82.361;84.167;86.806;86.667;84.722;81.667;85.139;81.806;84.306;82.917;87.222;85.139;84.583;84.306;82.639;82.778;82.639;83.750;84.583;80.972;86.806;86.389;86.389;85.556;83.889;84.444;85.972;85.417;82.639;82.917;80.972;84.722;85.000;83.333;88.472;84.167;84.861;86.944;82.778;84.861;83.333;86.111;84.028;85.000;83.056;84.167;85.000;84.306;87.917;84.583;86.250;85.278;84.306;87.917;86.250;87.083;84.167;83.194;82.778;86.806;83.333;84.583;82.917;86.389;86.389;83.056;84.444;82.083;86.528;84.583;83.333;84.306;84.167;84.028;85.556;83.750;85.833;85.833
SVM;83.472;82.639;82.778;83.194;85.278;80.417;80.833;81.250;84.861;82.500;82.639;81.944;82.778;82.083;82.361;81.944;84.028;80.833;82.361;82.222;80.278;79.444;80.833;80.278;85.972;82.361;80.833;81.806;82.500;80.833;83.056;80.694;83.194;81.944;81.667;80.972;82.222;81.389;81.667;82.083;80.556;80.278;81.806;80.833;81.667;83.472;81.806;82.639;81.389;82.083;82.083;81.667;79.444;83.611;81.528;81.944;82.778;82.500;83.750;83.889;80.833;83.889;83.056;82.083;81.111;81.389;80.556;81.667;82.917;83.611;83.611;81.944;83.194;83.056;82.361;83.194;83.611;83.611;84.167;82.500;84.861;83.194;80.139;84.167;82.361;85.694;82.778;82.639;83.194;80.694;84.306;82.917;80.417;83.750;83.750;80.833;81.667;80.694;80.833;82.778
bior2.2
RFC;82.917;81.389;83.889;79.167;82.639;76.111;79.306;78.750;79.583;77.222;80.417;80.694;80.833;79.861;77.778;80.139;80.000;77.917;80.278;81.806;80.417;77.917;78.194;80.833;80.833;77.778;79.583;78.611;79.444;76.389;79.861;75.139;81.111;80.139;79.167;79.861;79.028;77.917;77.083;80.278;80.139;78.611;82.500;79.444;80.139;83.056;79.444;82.083;78.333;80.417;76.806;79.722;74.583;77.639;81.111;80.833;83.333;78.750;80.139;81.806;76.250;78.472;80.139;79.583;79.722;78.472;77.361;80.556;81.111;79.583;82.639;80.694;78.472;80.972;78.194;80.417;83.889;80.000;78.750;79.583;81.250;82.639;79.861;80.694;78.611;81.389;81.389;79.861;83.611;79.583;79.861;82.917;76.389;80.694;81.111;79.167;78.194;80.972;77.778;83.194
KNN;90.278;90.278;88.750;90.000;90.417;87.222;88.750;87.639;89.861;90.417;90.000;87.778;88.194;89.028;90.139;88.056;90.694;87.361;87.917;88.611;88.889;87.917;87.500;87.639;91.389;89.861;88.611;88.056;89.306;87.222;89.306;88.472;89.722;90.278;88.194;89.722;88.333;88.750;88.750;88.750;88.750;89.167;90.139;87.361;88.472;90.972;88.056;88.056;88.194;90.417;89.167;88.472;86.667;88.750;89.583;90.139;90.417;88.750;89.167;90.556;88.333;90.972;88.472;89.306;87.083;88.750;86.667;88.333;88.750;88.611;89.861;88.333;90.417;90.000;88.194;89.861;90.833;91.667;90.833;86.944;89.444;90.278;87.639;89.861;88.194;91.806;90.139;88.472;89.167;88.750;89.861;89.583;89.306;90.694;89.722;87.500;88.750;89.583;88.194;90.556
GNB;85.556;87.222;84.583;83.750;87.500;83.056;85.139;80.556;85.139;84.028;85.278;84.028;84.167;82.361;85.833;85.278;85.694;83.472;83.194;85.556;84.028;80.694;82.500;83.611;85.833;85.972;83.194;82.222;85.417;80.556;83.889;83.333;85.972;84.861;84.306;83.889;79.861;82.639;81.250;81.528;84.444;79.861;86.111;85.000;84.722;85.417;81.944;85.000;85.417;85.972;84.861;82.917;81.111;84.306;83.611;82.500;87.639;84.444;83.750;85.694;82.500;86.389;82.639;83.194;83.194;83.889;83.611;83.750;84.861;84.444;85.972;86.528;84.444;84.028;83.194;85.694;84.861;84.306;81.528;84.028;83.194;85.139;82.361;85.417;83.333;86.667;84.306;83.611;84.306;82.222;85.556;85.556;83.333;83.194;85.139;82.222;83.750;83.333;84.583;85.278
SVM;85.000;81.667;81.667;81.944;85.833;80.694;82.083;81.944;83.333;82.361;82.639;80.694;80.278;81.944;81.111;80.278;83.472;81.806;81.528;82.083;80.000;77.917;80.139;80.278;83.750;81.389;79.583;81.944;80.556;79.722;82.639;81.944;81.111;82.361;80.833;80.972;80.417;81.528;80.556;80.278;80.833;78.333;81.389;81.389;81.667;83.194;79.167;82.083;81.528;82.917;81.111;80.972;78.889;82.222;82.222;80.417;82.083;81.944;82.083;83.472;80.139;80.972;80.417;82.778;81.528;81.528;80.278;80.833;82.083;80.139;82.639;81.528;82.222;80.417;80.556;83.889;81.806;83.750;82.778;80.833;81.389;82.500;78.889;82.917;80.972;84.306;83.333;79.861;82.778;80.972;81.528;82.361;79.722;82.222;81.667;81.389;81.389;79.583;78.472;82.083
bior2.4
RFC;80.556;81.528;81.528;78.194;84.306;79.444;79.167;79.861;79.722;82.500;78.750;81.111;78.333;79.583;77.083;79.167;83.194;79.028;81.389;83.194;80.694;79.028;78.472;78.889;81.944;79.722;81.944;77.639;81.389;78.889;79.028;80.000;79.583;79.028;77.222;80.417;81.667;78.750;79.722;74.861;81.389;76.389;81.250;77.083;77.778;80.833;77.917;79.444;81.250;81.111;74.306;81.389;77.361;79.028;82.917;79.583;81.250;77.361;82.083;80.694;80.556;78.611;76.944;79.722;80.000;80.000;80.556;78.333;80.000;79.722;80.833;79.722;81.389;78.194;76.111;82.083;80.972;83.611;80.694;76.250;80.417;82.361;78.333;79.306;78.194;85.139;79.861;78.611;80.278;79.722;80.000;82.917;78.472;81.944;77.917;77.222;77.917;81.806;79.861;79.444
KNN;90.833;89.583;89.722;89.861;91.111;87.917;89.028;87.639;89.861;89.583;90.000;87.222;87.222;89.722;89.861;88.333;90.694;87.917;88.056;88.611;88.889;88.194;87.639;88.333;90.972;89.722;89.028;89.167;88.889;87.222;90.278;88.750;88.750;90.417;87.639;89.444;88.750;89.444;88.194;88.611;89.306;88.750;90.694;87.500;88.472;91.250;89.444;89.306;89.028;90.139;89.306;88.750;87.361;89.444;89.444;90.694;90.417;88.333;90.000;90.833;88.194;90.556;88.056;89.167;87.500;88.750;87.083;88.056;89.444;89.167;89.583;88.611;90.417;90.417;87.778;89.444;90.833;90.972;91.111;87.639;89.444;89.861;88.333;89.722;87.917;91.389;90.417;88.472;88.889;89.583;90.972;89.306;89.444;89.583;89.861;87.917;89.306;89.444;88.889;90.278
GNB;86.528;85.833;85.694;83.611;87.222;81.389;85.139;81.250;84.167;83.472;83.333;85.000;83.194;83.472;85.139;84.861;85.417;82.639;84.167;85.417;83.611;82.361;82.639;84.583;85.139;85.000;83.056;81.389;85.694;82.778;83.611;82.639;85.417;83.889;82.917;84.028;81.806;82.222;83.194;83.472;84.167;79.722;86.806;85.000;84.861;86.389;82.639;85.278;84.167;84.722;82.639;83.611;79.306;83.889;84.583;83.194;87.222;85.139;84.583;85.833;83.611;85.556;83.194;83.611;83.750;82.639;82.361;84.583;84.722;84.722;85.694;84.028;84.861;84.167;81.944;86.111;85.556;87.361;83.056;83.472;83.611;86.111;81.389;85.833;83.750;87.361;85.139;83.194;85.139;82.222;85.833;84.722;83.472;84.444;85.139;82.639;84.306;84.722;83.611;86.389
SVM;84.306;82.083;82.778;81.806;84.028;80.278;81.111;80.556;84.306;80.972;80.694;80.139;82.222;80.694;82.083;78.750;83.611;80.694;82.083;82.222;79.722;78.194;79.028;80.556;84.167;80.694;79.583;80.833;81.528;80.556;81.806;80.139;81.667;81.667;81.389;82.083;80.694;80.972;80.000;80.833;79.861;78.889;81.528;80.833;80.694;83.750;80.694;82.222;80.972;81.111;80.694;81.250;78.472;82.222;81.944;80.417;81.389;80.833;82.222;83.194;80.278;82.222;80.556;81.667;80.000;82.083;80.000;80.417;83.194;80.833;82.639;81.528;81.667;81.389;80.556;81.806;83.056;82.222;82.083;80.833;81.389;80.833;77.361;81.806;80.556;84.444;83.194;81.250;82.083;80.417;83.472;82.222;79.306;81.528;82.500;79.722;80.556;79.444;78.472;83.056
bior2.6
RFC;82.778;80.833;82.500;80.139;80.000;75.972;79.444;79.167;77.917;79.306;81.111;79.722;78.750;76.528;79.861;80.417;83.056;76.667;78.750;80.972;77.778;78.194;78.889;81.389;81.806;80.139;78.333;79.861;77.917;78.333;80.972;80.417;80.417;77.361;79.722;79.306;77.778;78.472;78.333;79.722;78.056;81.250;80.833;78.194;77.639;82.639;78.472;80.139;80.278;78.333;79.306;78.889;75.000;79.861;81.944;77.917;81.944;77.083;80.972;80.278;76.806;80.556;76.250;80.139;77.361;79.444;76.111;77.222;80.139;79.861;79.167;79.167;80.556;79.167;76.944;78.194;80.139;82.639;80.278;78.611;81.250;81.250;76.944;78.611;77.778;84.167;80.833;80.139;78.333;79.444;81.250;79.167;78.750;79.583;80.694;78.472;76.944;76.667;77.917;80.972
KNN;90.000;88.750;89.028;89.722;91.389;87.222;89.444;87.083;88.889;89.028;89.583;86.944;86.667;88.472;89.444;87.778;89.028;86.806;86.806;87.778;88.194;89.028;88.056;88.333;90.833;89.028;88.333;88.056;88.889;87.083;89.583;88.750;88.472;90.278;87.778;89.167;88.611;88.472;89.028;87.917;88.889;88.611;89.583;86.944;88.056;90.556;88.472;88.333;88.472;89.722;88.333;88.056;87.083;88.472;89.583;89.861;91.806;88.333;89.167;90.833;88.611;90.139;88.194;88.889;87.361;89.306;86.528;88.333;89.444;88.750;90.556;88.194;90.139;89.028;86.250;88.611;89.583;91.111;90.833;87.361;88.611;89.583;88.611;90.000;88.056;90.972;89.306;87.639;88.611;89.306;90.139;88.472;87.778;90.556;89.028;87.500;88.472;89.444;88.472;89.861
GNB;83.333;86.389;85.000;82.222;87.083;83.611;83.611;80.556;84.167;86.250;84.444;84.167;84.306;84.167;85.417;85.694;86.389;83.056;83.333;83.472;84.444;81.944;82.222;83.750;87.361;86.111;82.778;81.944;84.583;80.417;84.306;80.694;85.000;84.167;83.889;82.222;82.083;83.056;81.250;82.639;81.389;80.972;86.111;83.056;83.889;86.528;82.639;85.139;84.861;84.444;84.167;83.194;78.750;84.028;83.889;82.083;87.500;83.194;84.583;85.417;82.222;84.028;83.472;85.278;83.056;84.028;84.167;84.444;84.861;84.444;85.556;84.028;85.139;84.722;82.917;85.000;84.028;87.083;82.778;83.194;83.472;85.833;82.361;85.278;82.500;85.556;84.028;83.889;82.778;83.056;85.972;85.139;83.056;83.611;84.028;81.389;83.472;83.194;83.611;85.556
SVM;82.500;81.667;81.111;81.528;84.306;79.167;80.278;80.000;82.500;79.028;81.389;80.972;81.389;81.806;81.944;79.583;82.500;79.861;80.833;80.833;79.861;76.944;79.444;81.667;81.944;80.556;79.306;79.722;81.389;79.167;81.250;80.694;80.833;81.944;79.167;80.000;79.444;80.694;80.972;80.694;79.861;78.333;81.111;79.306;79.583;82.778;79.306;80.833;80.278;81.250;80.417;81.667;78.056;82.500;80.833;80.000;80.278;80.833;81.111;83.056;80.000;82.639;79.167;81.250;79.444;80.139;80.000;79.028;81.667;80.972;81.667;81.389;80.694;79.861;80.972;80.972;81.944;81.528;82.639;80.278;83.056;81.250;78.194;81.389;81.389;84.722;81.667;80.556;82.778;79.583;83.056;82.778;80.278;82.083;81.806;79.583;81.389;80.000;79.167;79.722
bior2.8
RFC;81.944;80.417;80.556;77.917;82.361;77.500;80.556;76.806;82.500;75.417;79.722;78.889;78.889;80.000;79.028;77.500;81.528;77.917;78.056;79.444;80.972;74.583;79.167;80.139;78.194;79.306;77.500;80.000;78.750;78.472;80.694;78.472;78.333;79.028;76.389;79.861;79.028;81.667;77.083;76.528;76.667;75.833;81.806;80.417;77.917;82.361;78.194;79.861;80.417;80.556;78.056;79.167;76.389;79.444;78.889;78.194;82.361;76.806;76.806;78.056;79.444;78.611;78.611;77.917;79.861;78.889;78.472;78.889;78.056;77.917;83.472;81.528;80.000;80.833;78.750;79.722;78.750;79.028;80.000;78.194;80.278;80.139;78.750;80.694;78.194;80.000;83.750;77.083;81.250;80.417;82.083;82.778;78.056;79.167;81.111;77.222;77.639;77.917;74.306;79.028
KNN;89.583;88.472;88.472;89.722;90.556;86.944;87.917;88.194;89.028;88.472;89.306;87.222;86.944;90.000;89.861;87.500;89.444;86.528;86.667;88.333;88.750;88.889;87.917;87.361;90.556;89.583;87.222;88.194;89.583;86.111;89.028;88.611;88.750;88.611;88.056;88.889;88.333;88.611;88.750;87.639;87.778;88.056;90.139;86.389;88.611;90.556;88.333;87.500;88.750;90.000;88.056;87.917;86.250;88.333;89.028;89.444;91.111;87.778;89.444;90.556;88.333;90.694;86.667;88.472;86.944;89.028;86.250;87.639;89.306;88.472;89.861;88.333;90.833;89.583;87.222;89.028;89.722;90.556;89.722;86.944;89.722;89.583;87.917;90.000;87.778;90.139;89.306;87.222;88.889;88.472;90.417;89.722;88.472;90.139;89.444;87.639;88.750;88.194;88.611;89.444
GNB;84.167;87.361;85.417;84.444;88.194;83.194;85.833;82.083;84.028;84.444;84.167;84.722;84.167;82.222;84.722;85.417;85.278;83.889;82.500;85.833;84.861;82.222;82.222;84.722;85.139;86.806;82.639;82.222;83.611;79.583;83.194;83.056;85.139;84.444;85.417;83.750;82.361;83.333;81.389;80.972;80.694;77.639;84.583;85.139;84.167;86.667;83.056;86.250;84.167;85.000;81.944;84.167;78.889;82.500;84.306;82.778;86.944;83.889;83.611;84.722;80.417;84.444;82.639;84.722;85.556;84.306;82.778;83.472;84.306;84.444;86.944;84.028;83.750;84.583;80.139;84.583;84.722;83.889;82.917;82.500;83.472;85.833;81.111;84.444;83.194;86.667;84.028;82.361;84.167;82.500;85.278;84.444;83.194;82.778;84.444;83.333;81.944;84.028;81.528;85.972
SVM;82.361;81.111;82.500;80.833;83.889;78.611;80.972;80.278;83.472;80.556;82.639;80.139;82.083;80.556;81.250;77.361;82.361;78.333;79.583;80.972;78.889;78.056;79.028;80.556;81.389;78.750;79.583;79.861;82.778;79.444;80.833;80.000;82.361;80.972;79.167;80.833;80.000;80.000;78.750;79.167;79.722;79.583;79.861;81.250;79.583;81.250;77.361;81.250;81.250;80.278;81.111;80.417;77.778;80.694;79.028;79.722;82.361;80.833;80.556;81.944;79.028;81.528;80.972;81.250;79.861;80.278;79.722;80.139;81.944;79.722;82.778;79.167;81.667;80.694;81.111;80.694;82.500;81.667;82.639;80.139;80.694;81.250;80.139;80.694;80.000;83.333;81.389;79.861;82.639;79.722;82.639;80.694;78.611;83.611;83.194;79.861;81.111;78.889;79.306;81.250
bior3.1
RFC;75.833;74.861;73.194;70.972;75.972;72.917;74.583;72.361;73.889;73.611;73.194;70.972;74.306;73.056;75.972;77.083;74.444;70.417;74.028;74.861;70.556;73.889;71.111;75.000;75.556;70.139;75.000;77.222;72.222;73.611;74.306;73.194;72.639;72.917;74.444;74.306;70.833;73.194;72.361;70.417;72.778;70.694;75.139;76.111;71.806;79.028;73.889;75.000;73.889;75.139;72.778;67.500;71.944;74.167;74.028;73.333;75.694;72.222;76.528;73.750;72.361;75.000;73.889;72.083;73.333;72.361;73.056;72.083;75.972;74.167;74.444;69.861;72.639;74.861;74.444;74.444;76.389;75.139;73.611;71.389;70.000;78.056;72.778;76.250;75.417;78.056;75.694;70.000;74.583;73.611;74.167;75.694;73.472;75.694;74.306;71.806;73.472;73.611;71.528;73.889
KNN;87.639;84.583;85.417;85.278;87.083;84.444;85.139;84.167;86.111;83.056;84.306;83.611;84.722;85.278;85.417;85.000;85.694;82.500;84.167;83.889;82.361;82.917;83.889;84.722;85.556;84.167;85.139;83.194;83.611;81.389;85.000;83.611;84.028;85.278;83.472;84.028;83.750;83.472;84.306;82.778;84.167;82.917;85.694;84.306;82.917;85.833;83.472;83.750;86.806;86.389;84.583;84.306;81.528;85.694;84.861;85.278;86.389;84.583;84.861;85.694;85.278;84.028;82.361;84.583;82.917;84.306;82.500;82.917;84.583;83.194;84.583;84.722;83.889;85.278;84.167;85.417;84.583;86.806;86.111;81.806;83.750;83.472;83.056;85.139;82.917;86.667;85.694;83.333;83.056;84.861;85.000;85.278;83.333;88.194;84.306;84.028;82.222;84.444;83.611;86.111
GNB;82.361;83.056;82.361;81.806;83.611;79.583;81.111;80.833;82.083;80.417;81.667;82.778;82.083;79.722;80.556;83.194;84.167;79.861;82.222;83.056;82.500;78.472;76.111;79.722;83.750;83.056;79.444;79.722;81.389;78.194;80.139;80.833;84.167;80.556;79.444;80.556;77.778;81.111;80.694;80.972;81.667;75.972;83.194;80.000;79.583;84.167;80.556;83.472;83.194;85.556;79.722;78.889;76.806;77.778;82.083;78.611;84.167;83.194;83.194;80.833;80.417;83.194;81.528;82.500;81.667;81.250;81.806;82.361;83.056;80.417;80.694;82.361;81.944;80.139;79.444;80.556;82.361;81.667;80.278;78.472;79.583;83.194;78.333;81.389;81.111;81.111;79.861;82.500;81.528;79.306;82.361;81.389;80.000;80.000;80.417;78.611;81.389;80.417;79.861;83.333
SVM;78.750;77.917;77.778;74.861;78.194;75.417;76.528;76.528;75.278;75.139;77.361;75.139;76.389;76.250;75.278;75.694;78.194;74.444;75.694;77.778;74.722;73.472;74.167;76.111;80.278;74.444;74.167;75.694;75.694;74.167;76.389;76.250;75.278;75.417;75.000;75.417;73.611;75.139;73.889;76.389;76.389;71.806;76.944;75.833;72.639;77.361;74.722;76.667;75.972;78.194;75.556;74.167;72.222;75.000;75.833;74.028;75.556;75.417;77.361;76.944;73.750;76.250;74.861;75.694;75.139;76.111;77.222;73.750;76.667;75.694;77.639;75.278;77.639;76.528;75.278;76.528;75.000;77.639;76.667;76.667;75.694;77.778;74.444;78.194;77.222;79.583;77.917;74.444;74.306;77.778;76.528;74.722;75.139;78.889;74.167;75.833;74.722;75.694;73.056;78.056
bior3.3
RFC;79.028;77.083;73.611;74.306;78.056;73.611;75.972;73.472;75.556;71.944;75.000;76.250;76.389;73.611;77.222;77.222;73.333;73.611;72.500;76.944;74.444;74.306;75.417;75.139;77.083;75.278;73.889;75.972;75.833;74.722;75.694;73.611;75.278;77.361;73.333;76.111;72.083;76.667;75.417;70.972;74.444;73.611;76.944;74.722;73.472;75.694;74.306;75.278;73.333;75.556;71.528;74.306;71.806;75.000;74.028;76.528;75.139;73.889;75.417;74.861;75.556;74.722;76.806;75.000;73.750;74.028;74.306;75.278;73.194;75.556;76.528;75.139;74.167;73.194;73.333;75.833;75.139;76.944;74.583;76.389;76.389;76.528;74.444;74.028;75.417;77.639;75.139;74.167;73.611;77.222;75.417;75.694;73.333;77.083;76.111;74.306;75.972;72.222;73.889;75.417
KNN;87.222;85.694;84.583;85.833;86.111;85.278;85.278;85.556;86.806;84.167;85.694;83.750;84.861;85.139;86.944;85.000;86.944;83.333;84.306;83.889;83.750;84.028;85.694;85.833;86.389;84.861;85.556;83.056;82.917;83.611;85.972;84.861;84.167;85.139;83.889;86.389;84.583;85.556;85.417;84.028;84.722;82.639;85.972;83.611;84.444;85.972;83.611;84.444;85.556;86.250;83.472;83.611;82.083;85.278;86.528;84.444;86.111;85.833;85.694;85.833;85.833;85.139;84.028;84.722;84.028;85.417;83.333;84.028;84.861;84.167;85.556;85.556;86.528;85.139;84.028;86.250;85.417;86.944;87.083;83.056;85.972;85.972;84.028;86.944;84.444;87.083;85.417;84.306;84.861;85.556;86.250;85.417;85.139;87.222;84.583;85.139;84.722;84.306;84.583;86.389
GNB;82.500;84.167;82.917;79.028;81.667;80.278;82.222;78.056;82.083;81.944;82.222;83.194;82.639;80.833;81.944;81.250;82.917;79.861;79.861;83.194;80.972;78.194;81.667;83.194;82.778;83.611;78.056;79.722;81.806;77.917;81.944;80.556;84.444;82.778;80.139;82.361;76.389;81.528;80.278;80.139;81.667;78.056;81.667;80.972;80.833;82.639;80.833;82.361;82.222;82.500;79.028;80.556;75.556;80.833;81.667;80.139;84.306;82.778;80.972;81.528;79.722;80.556;81.667;80.417;82.361;81.111;77.222;82.222;83.472;80.139;83.194;81.111;82.778;81.667;78.472;81.250;82.500;84.306;81.389;80.833;80.694;84.028;79.167;81.111;81.389;85.000;81.944;80.278;80.556;80.000;82.917;82.778;80.833;80.139;81.250;79.861;81.111;81.250;81.389;82.361
SVM;81.250;78.889;79.722;76.528;80.000;74.722;77.778;76.250;79.722;76.667;78.333;75.556;79.028;76.667;77.917;74.722;78.889;74.722;75.000;76.667;75.139;74.861;77.639;76.528;78.056;76.667;75.139;76.528;77.778;73.889;78.333;75.972;76.111;76.111;77.361;75.972;76.111;75.833;77.500;75.139;76.111;74.028;75.694;77.083;74.167;78.194;73.472;76.944;75.278;78.056;75.972;76.806;73.194;77.500;77.083;75.417;77.917;77.222;75.694;79.306;75.139;77.778;76.250;77.361;75.556;74.861;77.222;73.056;79.028;77.500;78.472;76.111;77.639;75.139;77.222;75.972;76.389;77.917;77.639;76.667;76.528;77.222;76.389;78.611;77.500;80.278;78.611;76.250;77.222;76.667;79.167;78.611;77.361;80.000;75.694;77.500;75.833;77.361;75.139;77.500
bior3.5
RFC;79.583;76.389;75.417;72.083;78.889;75.278;76.250;72.639;77.639;75.000;74.583;77.500;77.639;75.417;77.639;74.861;77.639;75.556;72.917;74.444;76.528;71.528;76.667;75.694;78.889;75.417;72.222;74.167;78.611;73.194;76.944;74.861;78.056;74.722;75.278;74.861;73.056;73.750;78.056;74.583;75.556;72.639;75.694;72.917;72.222;75.417;74.861;74.444;75.556;76.806;73.889;78.333;74.722;74.583;74.583;76.250;74.583;74.444;78.194;78.889;72.222;74.861;75.972;75.000;73.194;75.139;75.694;73.611;75.139;76.806;77.361;77.778;76.111;77.222;74.167;74.306;76.944;77.500;78.472;73.889;78.333;76.944;75.139;75.833;77.361;77.639;73.889;73.472;75.278;76.528;75.833;77.500;76.389;77.500;78.056;75.278;77.361;76.389;71.389;76.528
KNN;88.750;86.667;85.278;86.250;86.111;84.722;84.861;83.472;86.389;85.278;85.972;84.444;84.861;86.250;87.222;83.472;87.361;84.583;83.611;84.306;85.139;84.444;85.000;85.139;86.667;85.556;85.833;83.889;85.000;84.583;85.278;83.889;85.278;86.111;84.306;86.389;84.861;85.278;85.139;84.028;85.417;83.750;87.639;84.028;86.667;86.111;84.028;84.028;85.139;87.222;85.556;85.139;82.639;85.972;85.694;86.250;86.667;85.833;85.556;87.222;85.556;84.444;84.722;86.250;84.583;85.694;83.056;85.000;85.833;85.000;85.833;85.278;88.333;85.833;84.167;87.639;86.528;86.389;87.083;84.028;85.278;86.667;86.111;86.250;84.444;86.250;85.417;85.278;85.556;85.417;87.361;86.806;84.444;86.806;85.278;85.139;84.444;85.139;85.278;86.667
GNB;84.583;84.306;84.028;81.944;82.917;81.250;82.361;78.889;81.944;82.917;81.667;82.778;81.806;82.917;82.222;81.944;83.472;82.917;82.083;83.333;82.917;80.278;80.278;82.500;83.889;83.611;81.250;80.833;83.056;77.778;81.667;80.278;82.361;81.389;80.833;81.806;78.333;82.500;78.889;79.722;80.139;74.167;80.833;82.500;82.083;84.028;79.167;83.333;82.222;83.472;81.667;82.500;76.667;82.361;81.806;80.556;84.722;81.806;81.806;82.639;78.889;82.917;81.806;83.611;82.083;80.278;80.417;83.889;83.056;83.333;82.639;82.778;82.639;82.778;77.917;82.917;81.528;82.500;82.500;79.167;81.806;83.750;78.611;80.972;81.667;84.028;81.667;80.139;81.389;81.806;81.667;84.167;80.278;80.972;81.806;80.417;80.972;82.083;80.972;82.778
SVM;80.139;79.167;79.444;77.917;78.889;76.111;77.500;77.361;79.028;78.889;76.667;76.111;77.361;78.194;76.250;74.722;78.889;75.139;76.250;77.222;75.139;75.556;76.528;77.222;78.333;75.972;76.667;75.694;77.917;73.611;76.528;76.944;77.917;78.056;75.278;76.528;76.944;75.556;76.250;75.972;77.639;75.139;78.194;78.472;75.833;79.167;73.611;78.333;77.778;78.056;75.972;77.639;74.028;77.083;77.222;74.722;78.472;79.028;77.083;78.472;74.722;77.222;78.333;77.778;76.944;76.944;76.528;75.139;77.778;76.944;78.611;76.389;77.083;76.250;76.528;77.500;78.889;80.556;79.583;76.389;77.083;76.806;75.833;79.167;76.806;81.111;78.194;75.417;78.611;76.528;77.917;79.722;75.972;78.333;78.333;76.111;76.250;76.806;76.111;78.889
bior3.7
RFC;79.583;76.528;76.667;73.333;79.444;72.361;74.306;76.528;76.667;74.306;76.944;73.611;76.667;77.222;75.972;74.861;75.417;78.750;72.361;76.944;77.222;71.944;75.556;77.361;77.500;76.389;74.861;78.056;75.278;74.722;75.694;76.250;75.694;75.556;76.111;76.528;72.639;76.667;77.222;75.972;73.194;72.917;78.333;78.194;76.389;78.333;75.833;78.056;77.778;75.833;73.750;76.250;73.056;74.306;75.417;75.972;77.361;76.528;77.222;76.806;74.444;75.833;76.806;76.944;78.194;76.806;75.833;75.139;76.111;75.417;78.056;75.556;77.639;77.639;77.500;78.611;75.833;77.917;76.250;74.028;74.722;76.389;75.694;78.194;77.222;77.500;78.194;73.472;74.861;75.694;76.250;79.306;74.028;77.917;76.667;75.833;77.361;74.861;74.306;75.556
KNN;88.889;85.833;85.972;85.278;88.333;84.861;84.861;84.861;87.361;85.139;86.111;84.167;84.444;86.528;85.833;84.722;87.361;83.750;84.167;85.139;85.000;84.167;85.278;84.722;86.667;85.833;84.306;84.583;86.944;83.889;86.528;85.556;85.417;86.111;84.167;85.972;83.889;85.556;85.972;85.833;85.556;84.306;87.222;84.167;85.833;87.222;83.333;84.861;84.583;87.639;83.194;84.167;82.917;83.750;85.972;86.250;88.472;85.278;85.833;87.500;85.417;85.694;83.472;85.000;85.139;84.722;83.750;84.306;86.389;84.028;85.972;85.278;86.806;85.833;84.583;86.389;86.250;87.778;86.944;84.306;85.139;85.417;85.833;85.833;84.583;86.806;87.778;84.306;86.667;86.667;86.944;86.528;84.167;87.917;85.556;84.722;84.722;84.583;86.250;86.250
GNB;82.778;83.750;83.194;80.694;83.750;79.167;81.250;79.167;81.944;82.222;81.667;81.806;83.056;81.389;81.944;83.333;85.694;83.333;80.139;83.194;84.444;80.417;80.000;82.083;85.278;83.750;79.167;82.500;83.472;77.778;80.833;81.528;84.167;80.972;81.111;81.250;78.472;80.972;80.139;80.000;81.528;76.528;81.944;82.917;81.667;82.361;80.556;82.222;83.611;83.889;80.694;80.833;76.111;80.972;83.056;80.833;85.417;83.194;81.389;82.917;80.694;81.528;82.639;83.056;82.083;80.972;80.833;82.917;81.528;80.694;85.278;83.750;82.917;81.528;80.139;85.139;83.472;83.194;81.389;81.250;80.972;83.889;78.750;83.333;80.694;84.861;81.667;82.222;81.944;80.278;82.222;82.917;81.250;82.222;82.222;81.944;80.972;81.111;81.111;81.944
SVM;79.306;78.750;79.444;76.250;80.139;75.833;78.472;77.500;78.472;77.639;79.167;76.389;78.611;78.750;76.806;75.972;80.972;75.556;75.972;78.194;77.222;73.750;74.861;75.556;77.778;75.833;76.667;77.917;78.611;74.167;78.333;75.972;76.806;77.778;77.222;78.333;76.111;76.944;79.444;76.250;76.944;76.528;76.806;77.222;75.556;79.167;77.500;76.528;76.944;78.611;77.083;77.778;73.194;77.083;76.806;76.667;79.306;77.222;77.222;78.889;74.306;79.583;77.778;78.611;78.194;77.222;76.944;76.250;78.333;76.806;79.028;75.833;79.028;76.111;75.694;78.472;77.917;78.333;77.778;76.250;77.778;78.194;75.694;77.222;78.472;78.194;78.611;76.667;78.056;78.194;78.889;78.472;76.389;78.611;79.444;77.361;75.972;76.528;75.139;78.750
bior3.9
RFC;75.556;75.000;74.444;69.722;78.472;74.583;75.833;75.556;77.500;73.611;77.500;75.833;76.667;74.028;74.722;72.500;75.139;72.917;76.944;75.972;74.444;72.639;72.500;71.667;77.083;75.417;73.333;73.194;75.278;74.444;74.444;76.528;74.167;73.611;72.361;72.361;71.806;75.972;74.444;74.444;74.722;76.806;77.361;78.194;76.667;76.806;73.333;76.528;75.139;73.333;68.611;73.194;70.972;71.389;74.583;77.361;75.417;75.000;75.972;77.361;74.167;76.389;73.750;75.972;75.833;74.722;75.000;75.139;73.750;72.917;75.417;74.167;75.556;72.500;73.889;76.111;74.028;79.444;76.111;75.972;73.333;76.250;74.583;76.389;75.000;78.472;77.500;72.083;73.472;73.056;75.278;75.833;72.500;80.139;74.861;76.944;75.139;75.278;74.167;78.194
KNN;87.361;85.278;85.694;85.556;86.667;83.889;84.306;83.194;86.111;84.722;85.139;83.333;85.278;85.000;85.833;84.167;85.139;82.361;83.750;84.306;84.306;81.806;84.861;85.000;86.944;85.278;84.167;83.472;85.417;82.917;85.972;84.306;84.028;85.694;83.750;85.694;84.028;84.861;84.444;85.139;85.278;84.444;85.833;83.611;85.694;86.250;83.889;84.583;85.417;86.389;83.194;85.000;83.750;83.750;85.417;84.722;88.194;85.139;84.028;85.833;84.444;85.833;84.028;84.722;85.139;84.306;83.889;85.000;84.167;84.306;85.556;84.722;86.944;82.917;83.889;86.389;85.972;87.222;86.528;83.194;84.583;86.528;84.722;86.389;83.472;87.083;86.250;83.333;85.694;85.139;86.111;86.944;84.444;85.833;85.278;84.167;84.028;83.333;84.444;87.500
GNB;81.111;84.167;82.778;79.306;84.306;79.306;81.528;79.583;81.806;78.611;81.806;80.694;78.750;80.278;82.361;80.556;82.917;79.444;80.000;81.250;81.806;80.694;78.750;80.000;82.917;81.389;76.667;81.389;81.111;78.333;80.139;80.972;80.833;80.833;81.528;79.722;79.306;83.056;78.889;78.472;79.167;77.917;81.389;82.083;80.972;82.361;80.417;82.500;81.250;82.222;80.972;81.111;76.389;81.389;81.528;79.306;84.167;81.389;80.694;81.667;80.417;80.694;78.889;80.694;80.139;80.694;79.861;81.528;80.278;81.667;81.806;80.694;83.056;78.611;80.000;82.778;82.222;84.028;80.556;80.278;79.861;84.583;78.472;82.639;80.417;84.028;81.111;79.722;80.972;78.750;82.500;82.639;79.583;77.917;78.889;79.722;78.472;80.694;80.556;81.667
SVM;78.889;77.500;78.611;76.528;79.444;74.444;74.722;76.250;78.472;76.667;77.500;74.861;77.639;78.333;75.278;75.694;79.306;74.722;76.944;77.500;75.972;72.639;75.139;76.806;77.500;74.583;76.944;76.389;75.556;74.861;76.250;75.694;76.389;76.667;74.583;74.306;76.111;75.278;77.361;76.250;75.556;74.028;76.250;76.944;75.000;80.000;73.611;77.361;76.806;74.861;75.694;74.722;71.667;75.000;77.361;75.694;77.917;76.389;78.611;76.667;74.722;76.528;75.139;75.833;75.972;75.417;76.528;73.194;76.944;75.139;77.639;76.389;76.528;73.472;75.833;77.083;77.917;78.056;77.083;75.972;76.250;74.722;75.417;77.222;75.278;78.750;76.944;76.111;75.417;76.806;77.778;77.639;75.417;78.056;76.667;74.861;75.556;76.111;73.889;78.333
bior4.4
RFC;84.167;83.889;83.333;80.000;81.944;80.694;83.194;82.639;83.472;83.194;82.083;82.500;82.778;82.083;82.361;80.000;79.722;81.250;79.306;83.889;80.000;80.417;81.250;82.361;83.472;81.389;85.278;83.056;83.472;81.528;83.889;82.500;82.222;81.528;77.361;83.472;81.389;82.361;80.000;80.694;82.778;80.694;85.972;82.222;82.222;83.889;81.806;80.833;81.667;83.750;81.111;79.028;80.417;81.944;81.389;82.083;85.694;81.111;85.000;80.556;80.417;82.361;82.917;83.333;81.667;81.806;81.944;82.083;79.722;78.611;81.667;83.889;83.750;83.056;79.306;81.528;84.028;83.889;81.389;80.417;82.778;85.139;82.500;80.694;82.222;86.389;83.194;82.778;81.944;81.667;82.222;83.472;81.806;82.222;85.417;81.389;82.083;82.361;82.639;84.167
KNN;92.222;91.806;92.361;92.500;92.639;89.583;90.972;90.417;92.361;91.806;92.500;90.278;90.417;91.389;92.639;90.417;91.528;90.417;89.306;91.111;91.528;90.139;89.444;90.278;94.306;91.667;90.694;90.972;91.250;89.444;91.944;92.083;92.500;92.222;90.278;92.083;91.389;90.694;90.000;90.556;90.972;90.972;91.944;89.028;91.389;93.611;90.556;90.833;91.250;91.528;92.083;92.222;89.028;91.111;91.111;92.500;92.778;90.278;91.806;93.056;90.694;92.917;90.556;91.528;91.111;91.250;89.028;90.833;92.361;91.528;91.389;90.972;92.222;91.806;90.000;91.528;92.639;93.333;92.917;89.444;91.389;92.500;91.667;92.778;90.556;92.361;91.389;90.694;91.806;92.500;92.500;91.944;92.222;92.778;92.361;90.556;90.972;91.806;91.111;91.806
GNB;86.806;87.500;85.417;84.583;87.778;83.056;85.417;82.639;86.111;86.806;84.583;87.222;86.111;84.583;87.500;85.972;87.639;85.833;84.861;86.528;85.694;81.944;81.667;83.750;86.944;87.500;84.722;82.639;87.222;82.500;84.167;85.278;86.944;86.944;85.972;86.250;84.583;83.333;84.167;84.306;84.861;82.917;87.778;85.972;86.389;88.333;83.472;85.833;86.667;85.972;83.750;83.750;81.944;85.278;85.139;83.472;87.361;85.972;84.861;86.111;84.861;87.083;84.444;85.417;85.000;85.417;83.750;84.444;86.250;85.833;87.917;86.528;85.139;84.444;83.056;85.833;87.222;88.333;84.167;84.306;84.583;87.361;81.806;86.528;83.889;88.333;85.833;83.194;85.139;83.194;87.222;85.694;83.472;84.583;86.250;85.278;84.861;85.833;85.972;87.778
SVM;85.417;83.333;84.583;84.861;86.250;83.056;81.667;83.194;85.139;84.583;83.333;82.500;84.444;82.778;84.583;82.222;85.694;82.500;84.028;84.444;82.500;80.417;82.500;83.611;85.694;81.944;82.222;82.500;84.028;83.194;84.167;83.333;84.861;82.917;82.778;83.194;81.944;83.333;83.194;83.750;81.528;81.528;83.750;82.639;83.056;85.139;83.194;83.889;83.056;84.444;83.056;82.639;80.000;83.333;83.472;82.222;85.833;83.333;84.861;84.861;82.222;83.194;82.778;83.333;82.361;84.167;83.056;83.194;83.750;84.444;83.889;83.750;83.611;84.167;84.028;84.722;84.306;85.000;85.556;81.389;83.889;83.472;82.778;84.722;83.194;86.250;83.750;84.306;84.583;83.333;85.278;83.333;83.194;85.139;84.444;82.778;82.639;82.361;82.222;84.167
bior5.5
RFC;84.583;83.056;84.306;82.778;85.972;79.444;80.694;83.194;83.889;84.583;85.417;83.194;83.750;81.389;84.861;84.028;83.333;80.694;82.361;82.222;83.750;83.333;78.611;82.083;85.694;84.583;83.333;83.889;83.333;82.917;82.639;81.528;84.583;84.028;82.917;83.333;84.028;82.083;83.611;83.472;83.472;82.639;84.444;82.917;81.944;86.389;83.889;82.639;85.417;84.444;80.556;82.083;82.222;82.639;83.056;81.389;84.583;82.778;84.306;82.917;79.306;83.056;80.833;81.389;83.611;82.778;82.639;80.694;82.778;83.333;86.111;81.528;82.917;85.000;83.194;83.472;84.444;83.889;83.194;82.500;82.083;83.194;83.472;84.583;81.389;86.250;83.333;81.667;86.667;82.361;82.917;82.222;82.778;83.750;85.278;80.000;82.639;82.222;82.500;82.778
KNN;94.028;92.639;92.778;93.472;93.472;90.972;92.083;91.389;93.056;93.750;92.500;92.083;91.528;91.944;93.889;92.361;93.194;90.694;91.667;92.361;93.889;91.111;90.833;90.972;95.417;92.500;93.194;91.806;92.500;90.000;94.028;92.500;93.472;93.194;92.083;93.472;92.361;91.944;91.389;91.528;92.639;93.750;93.333;90.972;93.611;94.028;91.250;91.111;92.361;93.472;92.361;93.056;90.556;92.083;92.917;93.333;93.889;91.111;92.917;94.028;91.111;93.889;91.944;92.778;92.361;92.639;90.278;92.778;93.333;92.639;92.639;91.806;93.750;92.778;92.083;92.778;94.028;94.306;92.917;91.667;92.361;93.333;92.222;93.750;91.806;93.611;91.806;92.500;92.917;92.361;93.194;92.222;92.639;93.750;92.639;91.111;92.917;92.083;92.083;93.472
GNB;86.389;87.361;87.083;86.250;88.889;85.417;85.278;82.639;87.361;86.528;86.528;85.972;86.250;85.278;87.778;87.778;87.500;86.111;85.694;86.389;86.389;84.028;81.944;84.583;88.333;87.917;86.806;82.917;87.500;83.194;84.306;85.556;87.222;85.417;87.778;86.528;84.722;84.028;84.583;84.722;85.139;81.111;87.639;86.528;86.111;88.194;84.583;86.667;85.417;88.472;83.889;85.833;83.056;84.722;84.722;83.056;89.306;84.861;85.972;88.472;85.000;87.222;84.167;86.944;86.667;85.556;85.417;85.833;86.389;85.556;89.167;85.556;86.389;85.000;85.417;87.083;86.528;87.083;85.000;84.306;85.139;87.500;83.333;85.556;84.306;88.333;85.556;85.278;85.556;83.889;87.222;86.528;83.194;87.083;87.361;85.833;85.556;85.833;85.972;87.778
SVM;85.833;85.694;84.861;85.972;87.500;83.889;84.028;83.472;86.111;86.667;84.722;85.139;83.750;84.722;84.583;84.167;86.389;83.750;84.167;85.417;84.861;81.944;83.472;83.056;88.056;84.167;83.194;83.889;85.278;82.778;84.722;84.583;86.111;85.556;82.917;84.306;83.889;83.472;84.444;83.750;83.472;82.361;84.306;83.056;83.889;84.861;83.750;84.167;84.028;84.861;84.167;83.889;81.667;85.417;84.028;83.750;85.972;84.306;83.611;85.417;84.444;84.306;85.139;83.889;82.778;83.194;83.333;84.444;85.000;85.417;83.194;84.722;83.750;84.583;83.889;86.528;85.139;84.722;86.111;82.639;84.861;85.417;86.111;84.861;84.861;87.361;86.111;83.194;85.694;83.472;85.833;85.000;83.889;86.250;87.222;83.611;84.444;83.750;83.611;84.167
bior6.8
RFC;82.083;80.278;82.639;80.833;84.583;78.611;82.361;80.694;85.694;82.639;83.472;83.750;81.806;80.694;81.944;79.722;81.806;80.139;80.417;81.944;82.083;79.861;79.722;78.750;82.917;81.111;82.778;81.806;84.306;80.833;81.389;83.194;81.528;82.361;81.667;81.111;82.500;81.111;79.583;79.306;80.556;83.056;82.778;82.222;82.500;84.444;78.472;81.944;80.833;84.444;79.583;82.500;75.694;78.889;81.250;81.806;84.028;78.472;82.361;83.056;79.722;80.833;79.306;81.111;80.556;82.639;81.389;81.389;82.222;81.944;83.472;81.111;84.306;82.778;77.917;82.917;81.250;84.583;80.556;80.278;79.306;82.917;79.444;81.250;79.861;84.444;81.667;80.694;83.611;81.389;80.694;83.889;80.278;81.806;82.917;79.861;81.667;83.333;79.861;82.639
KNN;91.944;90.556;91.250;92.222;91.806;89.444;90.556;89.583;91.667;90.694;91.667;89.167;89.444;91.250;91.528;89.722;90.694;88.889;88.056;90.278;91.250;89.861;88.750;89.722;92.917;91.389;90.556;90.417;90.833;87.917;91.528;90.278;91.389;90.278;89.583;91.250;90.139;90.972;90.139;90.000;90.139;91.250;91.806;89.028;90.972;93.056;89.722;90.417;90.833;91.944;90.417;90.694;88.889;90.556;89.861;92.361;92.639;90.278;91.528;92.639;90.000;91.111;89.722;89.722;90.000;90.833;88.056;89.722;91.250;91.667;91.528;90.417;91.667;90.694;89.722;90.833;91.944;93.056;92.778;89.444;90.972;91.528;90.278;92.222;90.139;91.806;90.694;90.139;90.694;91.528;92.222;90.694;91.389;92.083;91.389;90.278;90.556;91.111;90.417;91.389
GNB;85.139;87.917;86.944;84.722;88.472;83.194;85.000;81.944;85.000;85.417;85.556;85.278;86.111;84.167;87.639;86.667;86.667;84.444;83.889;86.250;84.167;84.167;82.917;85.417;85.556;86.667;85.000;80.556;85.000;82.639;83.750;85.000;86.389;85.278;85.417;85.417;83.194;84.861;83.750;83.750;83.611;80.833;86.667;84.861;86.528;86.528;83.611;85.278;85.000;86.806;83.889;83.889;82.361;83.611;86.111;82.639;88.611;86.250;85.972;87.500;84.028;85.417;82.222;85.694;86.806;85.139;84.167;85.694;85.278;85.833;87.222;84.306;86.111;85.139;83.056;86.111;84.583;86.250;83.472;83.472;84.722;87.917;83.056;85.833;83.889;86.944;85.694;85.000;84.583;83.333;86.528;84.722;84.028;86.667;85.278;84.861;85.139;84.583;83.611;86.806
SVM;84.167;83.194;83.194;83.333;85.139;81.806;82.361;82.500;85.417;83.333;83.611;81.667;84.167;82.917;84.583;82.083;84.167;81.944;82.639;83.056;81.806;79.861;82.083;82.778;85.972;81.806;81.250;82.361;83.333;80.972;84.167;83.056;83.333;83.194;82.083;82.639;82.222;82.917;80.556;82.222;81.667;81.111;82.639;81.667;81.250;83.472;81.528;83.333;82.500;84.028;83.333;82.917;79.583;81.944;81.389;82.778;83.194;82.361;83.194;84.444;81.250;84.028;82.500;82.639;81.806;83.472;81.111;82.500;84.306;82.778;83.472;82.917;83.889;82.639;82.222;83.472;83.056;83.611;83.889;81.528;82.639;83.889;82.083;83.472;81.250;85.417;85.139;81.944;84.167;82.222;84.444;81.944;81.667;85.556;85.278;81.944;82.917;83.333;81.806;82.917
coif1
RFC;84.167;82.639;83.333;81.806;83.056;79.722;81.389;80.139;83.194;83.750;82.917;80.417;81.944;81.944;82.361;80.833;83.333;82.222;80.417;81.667;82.222;79.306;78.889;83.194;82.222;80.972;80.278;81.250;84.306;80.417;81.944;81.667;80.972;81.250;79.722;81.111;80.000;81.389;79.722;81.806;81.111;78.889;83.194;83.194;81.111;83.472;78.194;81.667;82.222;83.194;80.278;80.833;78.750;79.583;80.278;82.500;82.639;79.444;80.417;83.611;81.111;82.500;82.222;82.361;83.472;81.250;82.500;80.278;82.222;78.472;83.194;81.528;85.556;83.056;79.722;81.389;83.472;84.306;84.167;80.833;85.417;82.222;80.417;81.389;80.278;83.889;82.639;79.444;82.500;81.389;83.611;83.056;76.806;83.889;82.222;81.111;79.306;82.639;81.528;83.472
KNN;91.250;90.972;91.528;91.806;91.389;88.889;90.417;89.444;91.528;91.806;91.528;89.583;90.556;91.250;91.667;90.139;91.806;89.722;89.444;90.139;90.556;90.139;88.750;89.306;93.472;91.250;90.556;89.583;90.972;88.889;91.250;90.972;91.528;91.528;89.444;91.944;90.139;90.139;90.139;90.833;91.389;89.861;91.111;88.750;90.139;93.194;89.861;89.444;89.861;90.833;90.833;91.528;88.889;90.694;90.694;91.250;92.639;90.000;90.556;92.778;90.417;91.667;90.000;90.833;89.722;90.694;88.056;89.861;90.833;90.972;90.972;89.583;91.528;91.250;89.583;92.083;92.500;93.333;92.083;88.472;90.972;91.528;89.583;91.806;89.722;92.361;91.389;90.139;91.250;91.111;92.083;90.417;90.833;92.639;91.389;89.583;90.278;91.667;90.556;91.111
GNB;86.250;87.222;85.556;84.306;88.472;83.611;84.861;82.500;85.694;84.861;85.694;86.111;86.806;82.500;87.917;87.222;86.667;84.306;84.722;84.306;85.000;82.222;83.472;84.028;86.528;86.250;83.194;84.167;86.667;82.083;85.139;84.306;85.833;85.556;85.139;85.000;81.111;82.500;83.056;84.167;83.889;81.528;86.528;86.528;85.278;87.639;83.194;85.000;85.833;86.389;83.333;83.611;81.389;84.167;84.722;82.361;87.917;84.583;82.778;87.500;83.750;86.528;84.722;84.306;85.417;84.028;83.472;85.139;85.417;83.889;86.389;84.444;85.556;85.694;83.194;87.778;85.417;87.083;84.167;83.333;83.194;86.944;83.889;85.278;84.722;87.083;85.972;83.889;85.139;82.083;85.139;85.417;81.806;83.750;86.667;83.611;85.833;85.278;85.000;86.944
SVM;84.861;83.750;83.611;82.778;86.667;80.972;80.833;81.944;84.167;83.333;84.306;81.806;83.056;82.917;83.611;82.500;84.722;81.806;82.361;83.194;81.667;80.556;80.833;82.917;85.833;82.778;81.806;82.222;83.750;81.528;82.639;83.889;83.472;82.361;81.389;82.361;81.806;83.194;82.917;82.917;82.361;80.000;83.611;81.944;82.778;84.583;80.556;83.056;82.500;83.750;82.500;82.361;80.278;82.917;82.917;80.833;83.611;82.500;83.750;84.167;81.250;83.611;82.361;82.083;83.056;82.917;81.389;82.222;83.611;82.222;83.889;82.639;83.056;82.778;83.194;84.722;83.889;84.861;84.167;82.500;84.861;83.194;82.222;84.722;82.500;86.389;83.750;81.389;84.583;82.222;83.750;84.167;81.389;83.472;84.167;83.333;81.667;81.667;80.972;83.472
coif2
RFC;86.111;82.222;83.194;83.611;83.056;80.972;81.528;79.722;83.333;84.444;81.944;81.667;84.861;80.972;81.250;81.667;82.083;79.583;78.750;81.250;82.500;81.389;81.667;79.861;82.639;81.528;83.194;80.278;81.944;81.806;80.278;81.806;81.944;82.778;83.472;82.917;80.417;81.944;79.861;80.972;83.056;80.139;84.167;81.944;80.972;83.056;81.944;81.667;82.639;83.611;78.056;80.972;77.222;80.694;81.944;81.944;82.778;81.250;81.389;83.611;79.861;83.056;79.722;82.639;80.278;81.250;81.389;80.556;80.278;81.111;82.500;79.583;82.917;82.917;80.000;81.667;81.389;83.611;84.306;79.028;81.944;82.083;80.556;83.472;82.500;83.750;82.778;81.250;83.194;81.250;81.667;81.667;78.472;83.333;83.750;81.389;82.500;81.944;81.250;83.194
KNN;92.222;91.528;91.528;92.361;92.778;89.722;91.250;89.722;92.361;91.944;91.806;89.861;90.000;91.389;92.917;90.556;91.250;89.722;89.306;90.000;91.111;90.000;89.167;89.306;93.750;91.667;90.139;90.278;90.972;89.167;91.944;91.111;92.500;91.250;89.861;91.667;90.972;90.694;89.722;90.556;90.694;90.972;91.111;89.028;90.972;93.333;90.972;89.583;91.389;91.667;91.389;92.083;89.028;91.250;90.556;91.806;93.056;90.139;91.806;93.056;90.694;92.083;90.556;91.250;90.833;90.694;88.333;90.556;92.083;92.083;91.806;90.000;92.083;91.250;90.139;91.528;92.500;93.056;92.361;89.583;91.111;91.667;90.833;92.222;90.000;92.361;91.111;90.417;91.389;91.806;91.806;91.667;91.667;92.500;91.944;90.417;90.972;91.528;90.833;92.083
GNB;84.722;87.500;86.111;84.583;87.222;85.278;84.861;82.500;85.694;85.139;84.583;86.528;86.944;85.000;87.917;85.972;87.083;84.861;85.000;85.833;84.722;83.333;82.639;84.028;85.833;88.056;85.417;83.333;86.111;82.778;84.583;83.889;86.944;86.111;85.556;84.861;82.778;82.778;83.889;84.306;84.167;82.361;86.528;85.139;85.833;85.556;83.889;86.528;86.806;85.694;83.472;83.472;81.389;83.056;85.000;82.639;87.917;85.139;85.556;86.250;83.750;87.222;84.028;85.972;84.722;85.000;85.417;85.000;86.250;86.528;88.750;85.972;86.250;85.417;83.056;86.667;87.778;86.528;83.333;84.306;83.194;87.500;83.194;85.556;84.861;88.611;85.139;83.889;84.722;84.861;87.361;85.833;83.472;84.583;86.806;85.139;84.861;84.306;85.972;87.361
SVM;85.000;83.611;84.306;84.444;86.111;82.083;81.250;82.500;84.722;84.861;83.472;82.222;83.056;82.778;84.167;81.944;85.000;82.778;84.722;83.889;82.500;80.139;82.639;81.528;85.694;82.083;82.083;81.528;83.889;82.083;83.194;81.667;83.611;82.778;82.222;82.917;82.361;82.361;82.639;82.917;80.833;80.694;82.639;81.944;82.083;85.000;82.639;83.333;83.333;84.028;82.639;82.778;80.417;83.889;82.778;82.500;84.722;82.917;85.139;84.861;82.083;83.333;82.917;82.778;82.222;82.500;82.083;82.639;84.444;83.472;83.750;82.778;84.028;83.750;82.778;84.583;84.583;84.444;85.694;82.917;83.472;84.444;82.639;84.861;82.500;85.833;84.722;82.639;84.861;82.639;85.139;83.472;82.361;85.556;85.139;83.750;82.917;82.639;81.250;84.028
coif3
RFC;85.139;82.778;82.500;82.222;83.611;81.389;80.278;80.417;83.333;82.222;81.806;82.500;83.889;82.222;80.000;82.222;82.639;79.444;81.528;79.583;82.778;81.250;79.167;81.250;83.333;82.778;83.194;80.833;84.722;80.139;82.500;81.389;82.917;81.944;83.194;80.833;81.944;82.778;81.389;77.778;80.556;81.528;82.500;82.639;80.278;83.333;80.139;83.472;84.028;81.111;81.806;82.639;79.028;80.694;84.167;81.389;84.028;81.250;84.444;84.028;79.167;83.056;84.028;81.250;83.056;82.639;80.139;82.083;83.056;80.000;82.778;82.500;81.528;81.528;79.306;81.111;83.750;81.528;80.833;79.028;81.389;83.889;81.250;81.806;81.250;86.667;83.333;80.139;81.528;81.250;83.472;83.611;79.583;82.917;83.194;79.028;81.806;81.528;81.528;82.917
KNN;93.194;91.528;90.694;93.194;92.917;90.000;90.972;90.139;92.917;91.389;91.944;90.000;89.722;90.972;92.222;90.278;90.833;89.306;89.167;91.528;91.528;90.000;89.861;89.861;93.611;91.528;91.111;91.806;91.806;89.028;91.528;91.389;92.083;90.972;90.000;91.389;91.528;91.250;89.722;90.139;90.694;91.806;92.500;89.167;91.250;93.889;91.111;90.417;91.944;92.361;90.972;91.806;89.028;91.528;90.694;92.361;92.917;90.000;91.250;92.639;90.278;91.944;90.417;90.556;90.694;91.111;88.889;90.417;91.667;92.361;91.806;91.111;92.222;91.250;90.139;91.250;92.083;93.194;92.500;90.278;90.556;91.944;90.972;92.778;90.694;92.500;91.528;90.000;91.806;92.500;92.222;91.528;92.500;92.639;91.806;90.278;91.250;91.806;90.417;91.667
GNB;86.806;86.111;86.250;85.417;87.361;84.306;84.861;81.944;85.417;85.417;86.111;86.250;86.667;83.889;87.222;86.389;86.528;85.139;85.417;86.250;85.278;83.056;81.667;85.833;87.361;86.667;85.139;81.806;86.250;82.500;84.167;84.861;86.667;86.250;85.139;85.000;83.889;83.750;82.361;83.889;85.000;83.333;87.222;85.139;86.389;85.833;82.917;86.667;85.000;86.111;82.917;84.444;82.083;83.333;85.694;83.611;88.056;84.861;85.556;87.639;85.139;86.528;83.056;85.972;85.833;85.972;84.861;84.444;85.000;87.083;88.194;85.694;85.139;84.583;83.750;86.944;87.361;86.806;82.222;84.167;83.889;87.500;82.083;86.806;84.167;86.944;85.000;85.000;85.694;84.444;87.222;85.278;83.889;85.417;87.083;85.417;86.667;85.694;85.694;85.972
SVM;83.889;84.167;83.333;83.333;86.250;81.111;82.361;83.611;86.250;85.139;84.583;82.639;82.917;83.750;84.444;82.639;84.444;82.083;84.444;83.056;82.083;80.000;81.111;82.222;85.139;83.056;81.528;81.528;84.722;82.222;83.750;81.528;84.167;83.472;82.778;81.806;83.472;83.056;80.972;83.056;82.361;81.528;83.611;82.222;83.889;85.000;82.222;84.444;83.333;83.889;84.306;82.639;79.861;83.750;82.917;83.889;84.167;82.639;83.611;85.000;81.667;84.444;82.083;82.778;82.222;83.056;82.361;82.500;82.778;82.639;83.750;83.056;85.000;83.750;82.083;84.583;83.611;85.139;84.722;80.972;83.472;84.583;83.750;83.472;81.806;86.806;84.167;81.667;85.278;83.750;84.306;82.917;81.667;84.167;84.722;82.222;84.722;80.972;82.361;84.444
db1
RFC;82.639;82.222;80.833;80.139;83.889;79.861;81.250;79.167;82.500;81.250;82.083;80.833;82.778;81.667;80.694;83.194;82.361;81.111;79.861;81.528;78.889;80.556;80.000;82.083;83.056;82.778;81.111;81.389;83.194;80.694;81.111;78.611;82.639;81.806;78.611;82.361;81.250;80.000;80.972;78.056;82.500;77.083;81.250;79.167;79.028;82.361;79.167;81.528;81.250;83.333;76.528;82.083;76.528;79.722;81.667;81.528;84.167;79.167;81.528;79.861;77.917;82.361;80.417;81.250;81.111;80.000;79.861;77.083;81.944;79.306;83.056;80.417;84.167;80.139;78.333;83.194;82.222;85.278;80.972;79.306;81.806;82.500;79.306;81.667;80.972;82.639;81.944;80.833;81.528;80.417;82.361;81.389;79.583;82.500;82.639;82.500;82.917;80.972;79.861;83.056
KNN;92.083;90.972;91.250;91.944;91.667;88.056;90.556;89.583;90.972;91.806;91.667;90.556;89.306;90.417;91.806;89.722;91.667;88.611;90.694;89.167;89.861;89.444;88.472;90.694;92.778;91.250;90.139;89.722;91.111;88.889;90.833;90.694;91.528;91.667;88.889;90.833;90.000;89.861;90.417;90.278;90.556;89.583;90.833;88.611;89.444;91.528;90.139;89.167;90.278;90.556;91.528;90.556;88.333;90.139;91.111;90.833;92.500;89.583;89.306;91.528;88.611;92.361;89.306;90.833;89.444;90.139;88.889;89.444;89.861;90.417;90.694;90.556;91.250;90.000;88.889;90.972;91.944;92.639;91.944;87.639;90.139;90.833;88.889;91.111;88.611;92.778;91.389;90.278;90.694;90.139;90.972;89.722;89.861;91.667;90.972;89.167;90.000;90.694;90.000;90.833
GNB;85.000;85.694;84.722;83.194;87.500;84.167;85.556;81.944;86.250;85.833;84.028;86.528;84.861;83.333;86.111;85.972;84.583;84.028;85.417;82.917;83.750;82.361;80.972;83.056;83.889;84.583;83.750;81.944;86.250;82.222;82.500;84.167;85.556;85.139;84.028;85.417;81.528;80.972;82.083;83.611;83.472;80.417;84.444;85.278;85.417;87.083;81.806;83.056;83.889;86.944;82.778;81.667;79.861;83.611;83.889;82.500;86.667;84.167;83.889;86.528;83.889;86.111;84.167;85.694;83.194;84.167;83.333;84.861;83.333;84.583;87.500;83.472;84.722;85.000;83.472;85.833;85.556;85.278;81.389;82.083;81.389;84.583;81.806;86.250;83.194;86.389;84.444;83.611;83.611;82.500;85.694;85.694;81.528;81.667;85.694;83.333;84.722;83.472;85.556;86.667
SVM;84.444;82.500;83.194;83.889;86.250;80.694;81.806;82.500;84.167;84.028;84.583;83.056;81.944;83.611;83.472;82.361;82.639;82.222;82.639;82.639;80.972;79.028;81.111;81.944;85.278;83.333;80.139;82.361;84.722;81.667;83.611;83.472;83.750;82.778;82.500;82.222;81.389;82.500;83.333;82.500;82.639;80.139;84.028;82.222;81.667;84.028;81.250;82.500;82.361;83.611;81.250;82.361;79.444;84.167;83.333;81.806;84.028;82.500;83.056;84.028;80.000;84.167;83.194;83.194;80.694;82.778;81.667;83.611;83.750;82.917;84.028;82.083;82.361;84.583;80.556;84.444;83.889;84.861;82.778;81.806;82.917;83.611;82.778;84.583;82.222;85.694;84.444;80.556;84.444;81.528;85.000;82.361;80.000;84.583;83.194;82.500;83.194;82.222;82.778;82.639
db2
RFC;82.778;83.333;80.694;83.611;83.611;78.472;83.750;79.861;82.083;82.500;81.389;83.472;83.472;77.917;80.694;80.972;81.944;80.694;79.028;81.250;81.667;81.944;79.861;82.083;83.333;82.361;80.972;81.389;82.361;81.667;81.667;82.361;82.222;83.472;80.417;82.083;81.944;81.111;81.944;82.083;81.111;81.528;82.917;82.639;80.972;80.833;80.000;81.111;82.222;82.083;78.611;83.333;79.583;82.083;84.167;81.806;82.639;81.250;80.694;84.861;80.972;83.333;80.694;82.639;80.556;81.806;80.556;80.972;79.306;81.528;82.778;80.972;83.472;81.250;79.167;82.639;84.722;83.889;80.694;79.722;82.778;84.167;80.000;82.639;82.222;82.778;80.972;81.806;84.583;81.528;82.639;83.750;78.889;80.556;83.472;79.306;79.861;82.500;81.111;82.361
KNN;91.944;91.250;91.528;91.806;91.806;88.333;89.861;90.000;91.528;91.528;92.222;89.861;90.417;90.972;91.806;89.861;91.944;89.444;90.139;90.000;90.556;90.000;89.028;90.000;93.472;91.111;89.861;89.583;90.833;89.167;90.833;90.972;91.806;91.250;88.611;90.694;90.278;89.583;90.833;90.833;90.694;89.861;90.833;89.028;89.306;92.361;90.139;89.583;90.417;91.528;91.111;90.972;88.056;91.111;90.000;91.111;92.639;89.444;90.556;92.083;89.722;91.944;89.861;91.111;89.583;90.694;88.611;89.306;90.278;90.833;91.250;90.556;91.806;90.556;89.861;91.944;92.222;93.056;91.944;88.472;90.694;91.528;89.722;91.250;89.028;92.639;91.250;90.000;90.417;90.694;91.389;90.556;90.833;92.361;91.806;89.583;90.417;90.972;90.278;91.528
GNB;85.833;87.500;85.000;83.611;87.083;83.333;85.139;82.083;85.972;85.000;85.694;85.833;85.417;85.694;86.528;85.833;85.000;83.750;85.278;84.028;84.722;80.972;81.389;84.306;86.111;85.833;84.028;84.028;86.667;82.778;83.333;84.444;84.722;86.250;85.556;86.111;81.528;82.361;82.500;84.028;84.028;82.361;86.528;84.444;85.000;87.222;81.667;84.028;84.306;86.667;83.611;83.194;80.694;84.306;84.444;82.639;87.222;83.194;84.167;86.528;83.611;87.222;84.722;84.861;83.056;85.000;82.778;84.167;86.250;83.889;87.639;84.444;85.139;84.861;82.917;86.528;84.444;85.694;83.056;82.917;83.889;86.389;82.361;85.139;84.722;88.056;85.278;82.917;83.889;82.639;86.667;86.250;82.778;83.333;84.583;82.361;83.611;84.861;85.694;86.528
SVM;83.889;83.889;83.333;84.444;86.528;81.250;82.500;83.056;84.306;84.722;83.056;81.944;82.639;83.333;84.306;82.222;84.444;82.500;82.083;83.472;81.111;79.444;81.528;82.361;85.139;84.444;81.667;82.083;83.889;80.972;84.444;82.917;82.500;84.167;82.917;83.194;81.389;82.778;82.639;82.083;80.694;80.833;83.750;82.083;83.056;84.444;80.694;82.917;83.889;84.028;83.056;82.222;79.167;85.556;82.778;81.389;84.583;82.639;83.611;85.139;80.833;84.167;82.917;84.444;81.250;82.778;81.250;82.778;82.917;82.778;85.000;83.333;84.167;84.861;82.083;85.000;83.194;84.861;82.500;82.500;84.583;83.750;81.250;83.889;82.778;86.528;85.139;81.806;84.583;81.250;84.028;82.500;81.944;83.611;83.611;83.056;83.472;80.694;82.083;84.167
db3
RFC;84.028;83.056;82.500;80.833;84.444;80.278;81.250;79.306;82.222;82.917;81.389;83.750;83.333;82.500;81.111;82.500;82.778;79.306;81.250;79.722;82.639;80.278;81.111;81.944;82.917;81.528;81.250;83.889;82.917;80.972;83.889;81.667;82.639;80.000;80.833;81.806;79.167;81.667;80.139;81.111;80.278;78.750;81.667;82.361;81.389;83.333;82.361;80.972;82.222;83.611;80.694;81.806;79.444;81.389;82.500;80.972;83.889;81.944;82.361;83.889;79.444;79.722;80.694;82.500;82.361;82.083;80.694;82.083;81.667;79.722;84.583;82.500;82.361;82.778;81.250;79.861;82.361;82.361;79.722;83.194;79.722;82.500;80.278;81.528;81.667;84.444;80.972;80.694;83.611;82.500;81.389;83.056;80.139;82.361;84.444;80.833;79.167;80.000;80.417;81.806
KNN;91.667;90.556;91.250;92.083;91.389;89.167;90.000;89.444;91.389;91.389;91.806;89.444;89.861;90.833;92.083;90.278;91.667;88.611;89.861;89.583;90.139;90.278;88.750;89.583;92.639;90.972;90.278;89.306;90.000;89.306;90.972;90.972;91.250;91.528;88.750;91.389;89.861;90.139;90.417;90.556;91.389;89.306;90.833;88.750;89.861;92.639;90.139;89.167;90.278;91.250;90.972;91.389;88.194;90.694;90.556;91.250;92.500;89.722;90.417;91.667;89.583;91.944;90.000;90.833;90.139;90.556;88.472;89.722;90.694;90.556;91.250;90.139;91.806;90.833;88.889;91.806;92.083;92.778;92.083;88.056;90.694;91.528;89.722;90.833;89.167;92.361;91.111;89.861;90.139;90.972;91.389;90.000;90.417;92.222;91.111;89.028;90.556;91.111;90.139;90.972
GNB;85.694;86.111;85.556;83.750;87.917;81.944;84.722;82.917;85.278;85.417;85.000;85.556;86.111;83.750;87.778;85.417;85.833;85.278;86.667;85.278;85.278;82.778;81.250;84.583;87.083;85.972;82.222;84.722;86.389;81.806;84.028;82.639;85.556;85.000;84.583;86.111;81.806;83.056;83.750;83.472;84.167;81.944;85.972;84.444;87.222;86.528;82.639;85.139;85.833;86.806;82.222;84.444;81.806;84.167;84.306;82.361;88.056;84.028;84.028;86.667;84.028;87.500;83.333;87.083;83.611;84.583;82.917;83.750;85.278;83.611;87.083;85.972;84.028;83.194;83.333;88.056;86.389;85.833;82.778;83.056;84.028;86.944;84.583;85.139;83.611;86.944;85.556;83.056;83.611;82.361;86.111;85.000;83.472;83.194;86.389;82.639;85.278;84.306;84.722;85.972
SVM;85.000;84.444;83.194;83.611;84.167;82.222;81.806;83.611;84.167;83.889;83.194;82.361;82.500;82.639;83.889;82.222;84.583;82.778;82.778;83.194;81.667;80.417;81.667;82.500;85.417;83.889;81.806;82.222;84.722;81.806;84.306;82.778;83.056;82.361;82.639;81.250;81.806;82.083;82.639;83.056;81.528;80.694;83.611;82.639;83.889;84.306;82.083;82.361;82.361;83.889;82.500;82.778;79.306;84.444;82.500;81.667;84.306;82.500;83.333;84.167;80.556;83.333;82.639;83.750;81.806;83.194;81.806;83.056;84.722;82.778;84.583;83.333;82.917;83.472;82.361;84.306;83.333;84.306;84.167;82.222;84.028;83.889;81.250;83.750;82.500;86.528;84.306;81.806;83.889;81.667;83.611;82.778;80.833;84.722;84.167;83.472;82.361;82.361;80.556;84.306
db4
RFC;83.194;81.944;83.750;82.778;84.583;81.111;81.806;78.750;83.889;80.833;82.917;80.833;85.556;81.528;81.944;80.972;83.472;81.944;82.222;83.194;82.222;80.694;80.278;81.806;83.333;82.917;81.389;79.444;82.500;82.222;81.528;79.861;79.444;82.083;80.694;82.500;82.778;82.361;80.556;81.528;81.944;81.111;84.028;81.111;81.250;82.917;79.028;82.083;81.806;84.306;79.028;80.694;80.000;82.639;80.833;83.194;84.861;81.250;82.639;83.194;80.417;82.778;81.944;84.167;81.667;80.417;80.278;82.083;81.389;83.194;83.611;81.944;82.500;82.917;80.694;81.389;83.056;84.028;81.806;80.833;80.833;81.111;81.389;83.333;81.250;85.556;81.389;82.083;83.056;81.389;83.056;81.667;76.944;82.361;82.917;79.722;81.111;82.639;78.194;81.944
KNN;92.083;90.833;91.528;91.806;91.667;88.889;90.417;90.000;91.667;91.528;91.389;89.583;90.278;90.972;92.361;90.556;91.944;89.028;89.722;89.861;90.278;89.861;89.167;89.167;93.889;91.111;90.278;89.444;90.833;88.750;91.667;91.528;91.667;91.528;89.444;92.083;90.000;90.139;89.861;90.694;91.111;89.861;90.833;88.472;90.556;92.500;90.139;89.722;90.972;90.833;91.111;91.806;88.889;90.278;90.000;92.083;92.639;89.444;91.250;92.222;89.583;92.222;90.417;91.389;90.556;90.833;88.333;89.444;90.833;90.833;91.389;89.444;91.667;91.111;88.750;91.528;92.361;92.917;92.083;88.750;90.833;91.667;89.306;92.083;89.306;92.500;90.833;90.139;90.694;91.111;92.361;90.694;90.833;92.639;91.250;89.722;90.139;91.389;90.556;91.250
GNB;86.389;88.333;85.833;83.889;87.500;84.722;85.278;82.500;85.278;84.861;85.417;85.139;85.694;84.028;86.806;86.250;86.389;84.028;86.389;85.417;84.722;82.222;81.528;84.583;87.083;86.944;85.000;83.333;86.806;82.917;84.583;85.278;85.000;85.972;85.833;85.972;83.056;82.361;83.889;82.917;84.444;81.528;87.778;86.528;85.417;86.528;83.056;85.278;85.833;87.361;84.167;84.306;82.500;84.444;85.417;81.944;87.222;85.556;85.000;87.361;84.028;85.972;84.861;85.833;83.750;85.278;84.167;84.722;85.278;85.139;87.917;85.417;87.361;84.722;83.194;88.056;87.639;85.694;83.750;82.917;83.611;86.389;82.500;86.528;84.306;88.889;85.972;82.500;84.306;82.083;87.361;84.861;82.361;83.472;86.806;83.194;85.000;85.694;85.694;85.556
SVM;86.111;84.028;84.306;83.333;86.250;80.417;82.083;82.917;84.583;84.028;83.333;82.083;83.194;83.889;83.750;82.500;85.000;82.083;83.472;83.611;81.806;80.139;82.222;82.222;85.556;83.472;81.111;82.222;83.472;82.778;84.167;83.056;82.639;83.611;82.361;82.222;81.389;81.944;82.778;81.944;81.528;80.972;83.333;82.500;82.778;85.000;81.111;82.778;82.778;84.028;83.056;83.056;80.139;84.722;84.028;82.361;84.167;82.778;84.444;85.139;80.972;84.028;82.361;83.333;81.528;84.167;81.528;82.778;83.750;82.917;84.583;83.056;83.333;84.306;82.778;83.750;83.611;84.444;84.028;82.917;83.194;82.500;81.250;84.028;81.806;86.528;84.028;81.528;84.722;81.806;84.444;82.639;80.833;85.556;84.167;84.028;81.944;82.639;82.222;84.167
db5
RFC;82.639;83.611;82.083;85.278;82.639;79.028;83.333;79.861;82.778;81.389;83.333;82.917;82.361;81.389;81.389;81.806;83.750;81.250;80.972;82.222;82.500;82.917;81.667;81.667;82.778;82.778;82.639;81.250;82.500;82.778;81.667;84.444;82.361;83.889;83.194;83.611;80.417;80.833;80.694;81.111;81.528;80.694;81.528;82.083;81.528;82.083;80.833;80.556;82.778;82.778;78.889;82.083;80.694;82.222;80.694;80.556;84.306;81.806;84.167;82.778;80.278;84.306;81.111;82.361;80.417;79.722;81.944;78.056;80.694;82.361;83.333;80.833;82.778;82.083;79.444;82.361;84.306;84.306;81.250;80.139;83.472;83.472;82.917;80.972;82.222;85.000;85.139;82.778;84.583;80.833;82.639;83.472;79.444;83.750;82.083;81.667;80.972;80.000;81.806;83.750
KNN;92.500;90.972;91.528;92.222;91.806;88.889;90.417;90.139;92.083;91.528;92.361;89.583;89.722;91.389;91.944;90.694;92.083;89.722;89.722;90.556;91.250;90.000;88.889;89.306;93.889;90.833;90.139;89.861;90.694;89.722;91.389;91.667;92.083;91.528;89.722;91.528;89.722;90.417;90.556;90.278;91.250;90.000;90.833;88.889;90.556;92.639;90.139;90.278;90.694;91.806;90.694;91.667;89.028;91.389;90.694;92.083;93.194;90.417;90.278;91.944;89.722;92.361;90.000;91.111;90.139;90.833;89.306;90.139;91.250;91.111;91.250;90.139;92.500;91.528;89.306;92.222;92.639;93.194;92.639;88.750;90.833;91.111;89.583;91.667;90.278;93.056;91.250;89.722;90.694;91.250;92.222;90.417;90.556;92.778;91.111;90.000;90.556;91.806;90.278;91.806
GNB;86.250;87.083;86.389;84.028;88.056;83.750;86.528;82.778;85.833;87.222;86.389;86.389;86.250;85.000;87.361;87.083;86.944;85.278;85.972;86.528;85.694;82.778;82.778;84.583;85.833;86.806;84.306;83.333;87.083;81.944;83.472;83.056;86.389;84.444;86.250;84.444;83.750;82.778;82.639;83.472;85.278;81.528;86.389;85.417;85.556;87.361;82.778;86.667;86.111;86.806;85.000;84.028;81.111;83.750;84.722;82.639;88.750;86.250;85.694;86.111;83.889;87.639;85.000;85.694;85.417;85.694;83.750;84.583;85.972;85.556;87.639;85.417;85.000;85.000;83.750;86.111;86.528;86.528;84.167;82.639;83.889;86.389;83.472;85.972;84.722;88.194;86.111;82.917;85.417;83.472;86.111;85.556;82.778;83.750;87.222;84.444;84.861;86.111;85.833;86.806
SVM;85.833;84.722;84.722;84.722;87.361;81.528;81.944;83.333;85.278;85.417;83.611;83.889;82.222;82.361;84.722;82.361;84.861;82.222;83.472;83.889;83.056;80.556;81.944;82.917;86.528;84.444;81.944;82.778;84.861;82.222;84.306;84.583;83.194;83.611;82.639;82.639;81.250;83.194;82.778;83.056;81.806;82.778;84.444;83.611;84.306;85.833;81.806;83.611;83.194;85.139;83.333;83.194;82.083;85.278;84.583;83.194;84.583;82.083;84.444;84.444;81.250;85.000;83.056;83.750;82.639;83.750;82.917;83.472;84.028;83.056;84.583;83.889;83.611;83.889;82.639;85.556;82.917;84.722;84.861;82.500;85.139;84.306;82.778;84.444;82.500;86.944;85.000;81.944;85.278;83.194;85.417;83.750;81.250;85.139;84.444;83.889;82.500;82.222;82.222;84.722
db6
RFC;85.972;82.639;83.611;81.528;82.500;82.639;79.861;81.111;84.444;81.667;83.611;81.667;81.667;80.139;81.806;82.222;83.056;78.889;83.889;82.500;83.889;80.417;82.222;82.778;85.139;83.056;81.806;83.056;83.611;82.778;81.667;81.806;80.972;84.722;78.333;80.417;82.222;82.778;81.528;79.444;81.528;78.472;82.222;81.250;83.333;85.139;78.611;83.611;81.944;83.056;78.472;83.194;79.028;81.528;80.972;82.500;83.333;80.000;81.389;83.472;82.917;82.639;81.667;81.528;83.611;80.972;80.694;81.944;81.528;81.111;81.667;79.444;82.222;83.750;80.278;82.639;83.472;81.667;80.556;80.139;82.083;82.917;81.944;83.194;82.500;85.417;83.750;82.083;84.028;81.667;83.750;84.306;81.250;81.528;83.611;79.444;80.139;80.000;79.167;83.611
KNN;93.194;91.250;91.806;91.806;92.500;89.444;90.694;90.278;92.222;91.806;92.083;90.139;90.139;91.250;92.639;90.833;92.083;89.306;90.417;90.139;90.972;90.000;89.028;89.306;93.889;90.833;89.583;90.000;91.389;89.306;92.083;91.667;91.806;90.833;90.000;92.222;90.139;90.694;90.417;90.556;91.528;90.417;91.389;88.889;90.556;93.194;90.694;90.000;90.972;91.389;91.806;91.806;89.028;91.250;90.972;92.639;93.194;90.278;91.389;92.778;90.278;92.500;90.972;91.389;90.694;91.389;89.167;89.722;91.528;91.111;91.389;90.000;92.222;91.389;89.722;91.944;92.500;92.778;92.222;89.028;90.972;91.667;90.278;92.083;89.722;92.222;91.528;89.861;90.833;91.528;92.500;91.528;91.389;92.500;91.389;90.139;91.111;91.944;90.278;91.806
GNB;88.194;87.361;86.944;85.278;87.917;85.139;85.972;82.361;86.667;85.833;85.972;85.694;87.222;83.194;87.500;85.556;86.250;85.278;85.972;84.583;85.000;83.750;80.833;84.167;87.083;87.639;84.861;81.944;85.972;82.361;84.583;82.917;86.111;86.528;86.111;85.417;84.861;83.611;83.750;84.444;84.444;82.083;86.111;86.528;86.111;86.250;83.472;86.667;87.361;86.667;84.861;84.306;81.944;84.167;85.833;83.056;89.306;84.722;84.722;85.417;82.500;86.250;84.861;86.528;85.139;86.250;85.139;85.139;85.000;86.111;87.361;85.556;86.528;85.556;83.889;86.944;85.556;86.528;83.472;82.778;85.000;87.083;83.056;86.111;83.889;89.028;86.389;84.444;85.972;83.611;87.222;85.278;82.917;82.361;87.500;84.861;85.278;85.556;86.111;86.250
SVM;86.250;83.750;84.028;83.889;87.083;80.278;82.778;82.639;84.306;85.833;84.028;82.917;82.778;82.639;85.139;82.083;84.722;82.778;84.167;84.444;82.222;81.667;82.083;82.500;85.694;83.750;82.222;82.778;85.000;82.639;84.444;83.611;83.472;84.167;82.778;82.917;81.944;82.500;82.361;82.778;81.528;80.833;84.167;84.028;83.194;85.139;81.806;83.889;82.361;84.306;83.333;83.333;81.250;85.139;84.583;83.056;85.139;83.194;84.444;85.000;80.139;85.139;82.639;83.750;82.778;83.750;82.083;83.611;83.472;82.500;84.306;83.194;84.167;84.306;83.611;85.000;84.583;84.167;84.583;83.194;84.861;84.583;82.500;84.167;82.361;86.250;84.583;82.361;85.417;82.917;85.556;83.194;81.944;85.556;83.333;83.889;83.194;82.361;81.806;83.611
db7
RFC;84.722;82.361;83.056;83.333;85.833;79.722;82.639;79.444;83.472;81.111;82.500;82.778;83.056;84.028;81.944;80.972;84.583;81.944;81.944;82.083;82.639;79.306;80.000;82.500;84.583;81.806;80.000;82.639;83.194;80.139;81.944;82.500;80.972;81.806;79.722;83.056;80.139;82.500;80.556;79.861;80.694;80.972;83.056;84.722;82.917;85.972;81.389;83.333;80.139;82.222;82.917;81.944;80.972;83.472;83.611;83.194;82.778;81.667;82.361;83.333;81.250;83.750;83.194;81.528;82.083;82.639;80.694;82.500;82.917;81.528;81.528;81.667;82.778;82.917;81.389;83.333;81.944;84.306;82.639;81.389;83.611;82.917;80.694;80.139;80.139;84.167;83.056;80.694;82.083;79.444;81.667;82.500;80.972;83.194;80.833;81.111;82.500;83.194;82.361;83.889
KNN;92.917;91.250;91.944;91.806;92.361;89.028;90.694;90.278;91.944;90.972;91.667;89.583;90.000;91.250;92.222;90.694;92.361;89.583;90.000;90.000;90.694;89.722;89.583;89.167;93.472;91.250;90.000;90.694;91.250;89.167;92.083;90.972;91.250;90.972;90.000;91.250;89.583;90.139;90.139;90.694;91.111;90.556;91.250;88.611;90.833;92.639;90.833;90.556;90.417;91.389;90.972;91.944;89.028;90.833;91.389;92.361;92.917;90.417;91.250;92.500;89.861;92.361;89.861;90.833;90.417;90.833;88.750;90.278;91.806;91.250;91.528;89.583;92.083;91.528;89.583;91.944;92.500;92.917;91.667;88.611;90.694;91.389;90.556;92.361;89.861;92.083;90.833;90.278;91.667;91.389;92.500;90.694;91.111;92.639;91.111;89.861;90.694;91.944;90.417;91.667
GNB;87.083;87.917;86.944;85.139;87.361;84.306;85.417;82.778;86.944;86.250;85.278;85.278;85.972;84.306;88.472;85.972;86.250;85.278;85.417;85.972;85.694;83.472;82.778;84.861;86.389;86.250;85.694;82.500;85.278;83.333;83.194;83.472;87.222;86.111;86.250;85.139;84.444;82.639;83.194;83.889;84.861;81.667;86.667;85.556;86.250;87.778;83.194;86.528;86.389;86.667;84.583;84.167;80.694;85.278;85.000;83.333;88.750;86.250;85.417;86.944;83.056;86.667;84.444;85.972;85.000;85.833;84.306;84.167;85.278;85.139;88.333;86.667;85.417;84.028;83.472;88.056;85.694;85.417;84.583;83.194;84.722;87.083;83.750;85.417;84.861;88.611;85.833;85.139;85.972;84.167;86.667;85.556;83.472;83.333;87.222;84.722;84.444;86.528;85.556;86.250
SVM;86.111;84.722;84.444;83.472;86.944;80.694;82.222;81.806;85.139;85.000;84.167;82.639;82.917;82.500;84.306;83.333;84.861;82.778;83.472;84.306;82.361;81.389;81.667;82.083;85.833;83.889;81.111;83.194;84.306;82.778;83.333;83.333;84.861;83.889;80.833;83.611;82.222;82.361;82.361;82.917;82.083;81.806;82.778;84.167;83.194;85.417;81.111;83.750;82.222;83.750;83.472;83.056;80.556;84.028;84.028;81.389;84.306;82.639;83.750;85.000;80.556;83.889;81.667;84.583;82.222;83.889;82.917;83.194;83.611;80.972;83.889;83.889;83.750;83.611;83.472;84.444;84.306;84.583;84.444;82.500;84.583;83.194;82.083;85.417;82.083;87.639;84.028;82.500;84.306;83.056;85.139;83.056;80.833;84.861;84.583;83.750;82.639;81.944;81.806;84.028
db8
RFC;86.250;81.806;84.028;82.917;82.917;80.556;79.861;80.972;84.167;81.944;81.528;83.750;83.472;80.972;82.361;81.944;80.000;80.000;80.694;83.889;82.500;80.139;80.833;82.083;85.000;82.500;81.111;81.667;82.778;79.583;78.889;80.556;83.611;81.250;80.417;83.472;82.222;80.139;82.361;81.667;83.472;81.806;83.194;81.944;80.139;82.083;80.556;83.889;83.194;80.972;80.694;84.583;77.639;83.194;81.667;82.361;84.722;83.472;82.778;84.722;80.694;83.611;83.194;79.306;81.806;79.861;81.389;82.361;81.667;80.694;82.778;80.694;81.944;82.500;79.028;82.639;83.611;84.722;82.917;80.139;82.917;84.028;80.556;81.528;80.139;83.750;82.361;80.556;82.778;82.222;82.917;80.556;81.667;82.917;82.639;78.194;81.806;80.417;79.444;80.556
KNN;92.639;90.972;91.944;92.222;92.639;89.861;90.833;90.417;92.917;91.389;91.806;89.861;89.861;91.528;92.361;90.417;91.806;89.583;90.000;89.861;91.389;89.722;89.583;89.722;93.333;91.806;89.028;90.694;91.389;88.889;92.361;90.417;91.111;90.972;90.833;92.083;90.417;89.722;90.694;90.694;90.972;90.139;91.111;88.889;90.556;92.917;90.417;90.556;90.694;91.806;91.667;91.389;89.444;90.694;91.389;92.500;92.778;89.444;91.250;92.639;90.000;92.361;90.139;90.556;90.278;91.389;88.611;90.000;91.667;90.833;91.528;90.000;92.222;91.389;89.861;91.944;92.639;93.056;92.083;89.167;90.972;90.972;90.556;92.778;90.139;91.944;90.972;89.722;91.389;91.528;92.778;91.111;91.250;92.639;91.389;89.861;91.250;92.083;90.556;91.528
GNB;86.806;87.500;86.528;83.889;87.917;85.556;85.278;83.611;86.250;86.667;84.444;84.583;86.250;84.306;87.917;86.944;85.972;85.278;86.250;86.111;85.139;83.889;80.972;85.139;86.389;85.278;85.417;82.778;85.694;83.889;83.472;84.167;87.361;86.806;85.833;85.556;82.361;83.333;83.750;84.306;85.000;80.972;86.111;85.139;86.250;86.250;84.306;86.667;85.972;86.111;84.444;83.750;82.500;84.028;85.139;82.361;87.917;85.139;85.000;86.528;84.028;86.250;85.278;85.278;86.528;85.139;84.306;84.444;86.389;85.417;87.917;85.972;86.111;83.889;82.917;86.528;85.833;86.250;85.000;83.194;83.750;87.083;83.333;85.417;84.444;88.056;86.250;85.139;85.417;84.167;86.111;85.833;83.750;83.889;86.944;84.722;85.139;86.667;85.556;86.250
SVM;86.250;83.889;84.306;84.861;86.389;81.111;82.917;82.778;85.417;84.583;84.861;83.194;83.333;83.472;85.417;83.333;85.694;82.917;84.028;84.444;82.500;81.667;82.639;81.944;85.139;83.750;81.528;83.056;85.000;82.500;83.056;82.917;84.444;84.167;82.361;83.333;80.972;82.917;82.361;82.778;82.361;80.278;83.194;83.194;83.750;84.306;82.222;84.167;82.361;83.194;82.639;83.750;80.278;84.306;84.167;81.806;84.167;83.056;83.611;85.972;81.111;84.444;83.611;84.306;81.944;83.750;82.222;83.472;84.583;82.361;83.611;82.778;83.333;84.167;84.028;84.028;84.722;86.111;85.556;82.083;85.417;83.472;82.222;83.611;81.528;87.083;84.583;82.361;83.472;82.917;84.722;83.333;80.000;85.417;85.000;83.472;82.917;83.194;81.111;83.889
db9
RFC;87.639;83.194;84.167;83.611;83.194;79.028;82.639;80.139;81.667;81.806;82.917;82.778;80.278;81.250;82.361;83.750;83.750;81.528;82.500;83.056;83.333;80.417;80.556;78.472;82.222;83.750;82.778;81.250;85.278;81.250;84.583;81.806;80.694;83.056;81.389;81.250;80.556;83.194;81.250;82.917;81.528;82.500;83.611;81.806;81.250;84.306;80.556;83.472;81.528;84.444;81.944;80.278;79.444;85.000;82.917;83.194;83.889;79.861;83.611;84.028;81.250;83.194;81.806;83.333;81.250;80.278;80.833;81.250;81.944;83.611;83.611;80.972;82.639;81.944;81.389;84.722;82.639;82.500;83.750;79.306;81.250;82.639;80.556;81.944;80.972;85.417;82.778;82.500;81.389;78.056;82.778;82.361;81.528;82.917;84.722;80.972;80.000;79.583;80.694;81.389
KNN;93.056;90.556;92.083;92.083;93.611;89.583;91.111;90.278;92.222;91.389;91.944;90.556;89.722;91.111;92.222;90.833;91.667;89.861;90.139;90.694;91.528;90.139;89.167;89.722;93.750;91.389;89.167;91.250;92.222;89.167;92.778;91.111;91.389;92.083;90.556;92.222;90.000;90.694;90.972;90.833;90.833;90.417;91.389;89.028;90.556;92.917;90.556;90.556;90.556;93.056;90.972;92.083;89.583;90.694;91.806;92.639;93.333;90.556;91.667;93.056;90.417;92.083;90.694;90.694;90.139;90.833;88.611;89.722;91.389;91.528;91.250;90.417;92.222;91.667;89.722;92.083;92.917;93.194;92.083;89.167;91.389;91.528;90.833;92.361;90.278;92.639;90.833;90.417;91.806;91.250;92.778;90.833;90.833;92.778;91.250;89.583;91.111;92.222;90.556;92.083
GNB;85.972;87.778;86.667;84.028;88.056;84.722;86.528;81.944;86.944;86.111;86.667;84.028;85.833;84.444;87.778;86.944;87.500;83.889;85.278;86.528;84.306;83.889;82.222;84.722;86.667;87.361;84.861;82.639;85.833;81.389;83.194;83.056;86.389;86.250;85.000;87.222;83.056;82.778;83.750;84.167;85.278;83.056;86.389;86.111;86.389;86.806;83.194;87.500;85.556;86.806;84.306;84.444;82.361;84.722;85.278;82.083;88.750;85.278;84.167;87.083;84.306;87.361;84.583;86.528;85.972;84.167;84.306;85.000;85.694;85.556;86.667;86.250;86.806;84.028;84.722;87.917;85.972;85.556;85.000;83.194;84.722;86.528;83.611;85.417;84.722;89.167;84.722;84.167;85.278;83.333;85.417;84.722;83.056;83.611;87.083;84.444;83.889;85.694;84.722;87.083
SVM;86.250;84.028;85.139;84.861;86.667;82.639;83.333;82.361;86.250;84.583;85.139;83.750;83.333;83.056;85.139;82.917;86.111;82.917;83.472;84.861;83.194;81.389;82.500;82.500;84.861;84.028;81.944;83.889;84.444;82.639;84.583;83.750;85.556;85.000;82.917;84.444;82.083;83.889;83.750;82.639;83.056;81.667;83.611;83.750;84.306;85.972;82.639;84.861;82.917;83.889;83.333;83.611;82.500;85.278;84.028;82.361;85.694;82.778;83.889;85.972;82.361;84.444;83.472;84.167;81.944;83.611;82.778;83.472;84.028;83.056;83.889;84.306;85.139;83.611;84.306;84.167;85.972;86.111;85.000;82.361;84.583;83.056;81.806;83.056;82.361;86.667;84.722;80.972;85.278;82.500;85.833;84.028;81.667;85.000;85.972;83.056;84.306;82.500;81.389;84.583
db10
RFC;84.167;83.056;84.167;82.917;86.250;83.194;81.389;84.306;82.778;81.667;83.194;80.972;80.139;80.972;81.250;82.500;82.083;78.889;81.528;81.389;81.806;80.278;79.861;81.528;85.278;83.194;82.778;80.139;82.639;81.389;80.556;81.528;82.222;82.778;83.889;81.111;81.111;81.667;83.750;79.444;81.250;80.000;82.778;82.083;81.806;83.611;81.111;84.028;81.528;83.333;79.722;84.167;79.722;83.194;84.444;82.778;84.722;80.833;83.750;85.556;80.556;81.389;81.250;83.889;79.306;82.778;81.806;80.694;81.944;83.194;82.222;80.833;83.889;83.056;80.000;80.972;82.778;82.083;84.306;80.833;81.667;85.139;81.944;82.361;82.778;85.417;83.056;81.111;83.750;79.861;82.222;83.056;79.306;84.306;82.917;79.028;84.167;81.667;81.389;84.444
KNN;92.778;91.111;91.944;92.083;92.917;90.139;91.528;90.694;91.944;91.667;92.083;90.694;89.444;91.111;92.222;90.833;92.222;89.722;89.722;90.694;91.528;90.278;89.722;90.139;93.889;91.667;89.306;90.833;92.222;89.306;92.639;90.694;91.111;91.806;90.278;92.361;89.722;90.972;91.528;90.556;91.111;90.139;91.944;88.750;90.694;93.472;90.972;90.556;90.694;92.917;91.389;91.944;89.444;91.250;91.944;92.917;92.778;90.278;91.528;93.472;90.278;92.222;90.139;90.972;90.556;91.389;88.889;89.861;91.389;91.250;91.250;90.278;92.361;91.389;90.139;91.944;92.500;93.333;92.083;89.167;91.667;91.111;90.694;93.194;90.417;92.500;90.694;90.278;91.806;91.389;93.056;91.389;91.111;92.639;91.667;90.000;91.667;91.806;90.417;91.250
GNB;86.250;87.917;85.694;83.611;86.944;84.861;86.250;82.639;86.389;85.694;85.694;84.167;87.917;83.611;87.361;86.944;86.528;84.583;85.556;85.972;84.722;84.306;82.639;84.861;86.944;85.972;85.278;82.639;85.417;82.361;85.000;84.306;85.417;86.389;85.278;86.250;82.083;83.333;84.444;84.583;84.306;79.583;85.417;85.556;85.000;88.333;83.889;87.917;85.278;86.111;83.333;84.444;81.667;84.722;85.694;83.194;87.917;84.722;85.000;86.667;85.000;88.056;85.139;86.250;86.806;85.694;83.472;84.444;86.389;85.694;87.639;85.694;85.833;85.556;85.556;87.778;85.556;86.250;83.750;83.750;84.167;87.361;83.472;85.694;84.583;88.472;86.806;84.722;86.528;84.306;86.250;84.306;81.944;84.583;87.361;83.472;83.611;86.806;85.833;87.361
SVM;85.556;83.333;84.306;84.583;85.833;81.806;83.333;82.778;85.694;84.722;84.861;83.333;83.056;82.778;83.611;82.222;85.556;83.611;83.889;84.306;82.500;80.694;82.083;83.194;85.694;83.611;81.528;82.917;84.861;82.222;85.417;83.611;84.444;84.722;83.472;84.167;82.222;83.472;83.194;82.778;84.167;80.972;83.472;83.472;84.583;85.000;82.639;84.306;82.778;83.194;83.611;83.333;81.806;84.444;83.750;82.361;85.417;83.056;84.306;85.417;81.944;84.306;83.750;84.861;82.500;83.333;83.194;84.028;85.139;83.889;83.194;84.722;84.583;83.750;83.333;83.611;85.556;86.389;85.000;82.639;85.556;83.194;82.778;84.028;82.639;87.917;84.583;82.500;84.861;83.056;85.278;84.722;81.806;86.250;85.833;84.167;83.889;82.639;80.833;85.556
db11
RFC;83.333;80.833;81.944;80.833;85.694;81.389;79.861;81.389;84.306;80.972;83.472;82.222;82.500;81.389;80.556;81.806;80.833;79.306;82.500;81.389;84.444;82.500;81.389;83.472;80.833;81.528;83.333;82.361;83.056;79.722;81.667;81.806;79.444;83.472;80.556;80.417;81.944;80.972;82.500;80.833;81.806;83.611;84.444;82.222;82.361;83.889;80.417;81.944;82.222;84.861;80.417;81.111;77.917;81.667;82.917;80.278;84.167;81.111;82.500;84.444;81.944;82.361;80.278;81.111;83.472;80.833;81.528;80.972;80.833;83.056;83.611;81.944;83.472;82.778;79.444;79.167;85.556;85.000;82.917;79.306;82.083;84.167;82.083;84.444;83.056;81.389;82.778;80.417;83.889;82.639;83.056;82.778;79.583;83.333;83.750;82.361;81.806;82.639;83.750;82.917
KNN;92.639;90.972;91.389;91.944;93.056;90.278;91.806;90.000;92.639;92.083;92.083;89.861;89.722;90.556;91.806;90.417;92.083;89.444;89.583;90.694;91.250;90.139;89.444;89.444;93.889;91.389;90.000;90.972;92.083;89.028;92.500;90.833;90.972;92.083;90.417;92.500;90.000;90.556;90.833;90.417;90.278;90.556;91.667;89.167;90.833;93.194;90.417;90.972;90.278;92.500;90.972;92.361;89.306;90.556;90.972;92.778;92.917;90.139;91.806;92.917;90.000;92.222;90.278;90.833;90.556;90.833;87.778;90.694;91.250;90.833;90.833;90.972;91.806;91.250;89.444;91.944;92.361;93.056;92.083;90.000;91.250;90.972;91.111;92.639;90.278;92.222;90.833;90.556;91.389;91.250;92.361;91.111;91.389;93.333;91.528;89.861;91.389;92.222;90.694;91.250
GNB;86.806;87.917;85.556;84.167;86.667;83.611;85.139;82.917;87.500;85.694;86.806;85.833;86.528;84.028;87.361;88.611;86.944;84.861;86.111;86.250;85.000;83.194;81.944;85.417;86.111;86.389;85.833;82.500;85.278;82.361;83.889;84.444;85.000;86.250;84.861;86.250;83.611;83.611;82.917;83.750;84.444;81.528;86.806;85.833;86.111;87.222;83.611;85.972;85.278;85.556;83.194;83.194;82.083;84.722;83.750;82.361;88.333;83.611;85.833;86.944;84.583;87.361;84.306;86.667;86.250;84.722;84.444;84.028;85.972;85.139;86.389;86.528;86.528;85.556;84.861;85.417;85.972;86.250;83.194;84.167;85.694;87.639;82.639;85.833;83.611;87.639;85.278;84.583;85.694;84.722;86.250;85.278;82.361;83.750;86.667;84.444;84.722;86.806;84.028;87.639
SVM;85.417;84.306;83.889;85.139;85.417;81.944;83.056;82.083;86.389;84.306;84.722;82.778;83.472;83.472;83.333;83.056;84.722;82.639;83.472;83.889;83.889;79.722;81.944;82.222;86.389;83.611;82.778;83.472;85.556;82.083;83.750;83.472;85.972;84.861;82.500;84.028;82.222;83.333;82.361;83.333;83.056;80.833;84.306;83.194;83.889;84.861;82.500;85.139;81.944;83.472;83.194;82.778;80.694;84.583;83.194;82.500;85.694;83.056;84.167;84.722;81.944;85.000;83.611;85.139;81.806;83.056;83.194;83.750;84.444;84.028;83.889;84.028;84.722;83.333;83.333;82.500;84.444;86.111;85.278;82.778;84.444;83.472;82.500;83.750;82.361;87.083;84.167;82.917;84.722;82.222;85.972;84.583;82.361;85.278;86.250;83.333;82.917;83.056;81.389;85.556
haar
RFC;84.306;81.944;82.639;80.694;80.000;77.917;79.167;79.444;82.500;80.417;81.806;82.083;82.917;81.667;80.556;80.278;81.944;80.000;80.139;81.389;80.278;79.583;80.278;80.833;84.028;82.500;80.139;82.083;82.917;80.556;79.583;81.250;79.861;79.028;80.139;81.389;82.222;80.972;80.417;80.694;81.111;80.833;80.417;79.167;80.417;81.389;80.417;80.556;81.528;80.694;78.472;79.722;78.750;81.806;84.306;81.667;81.528;80.694;81.111;80.833;78.333;81.389;78.056;80.000;79.444;79.028;80.694;79.028;81.667;80.833;85.278;81.389;79.028;83.056;79.167;82.500;82.917;83.750;80.556;76.806;79.722;81.250;81.528;82.083;81.389;82.917;82.639;79.722;81.111;78.889;82.778;81.250;78.056;82.778;81.667;78.611;81.389;79.306;79.028;80.556
KNN;92.361;90.833;91.389;92.083;91.806;88.333;90.417;89.583;90.972;91.806;91.528;90.417;89.583;90.417;91.528;90.000;91.528;88.750;90.833;89.028;89.583;89.861;88.333;90.278;92.778;91.806;89.444;89.861;90.833;88.750;90.556;90.556;91.389;91.528;89.028;90.694;89.861;90.000;90.417;90.694;90.139;89.583;90.972;88.750;89.583;91.806;90.000;89.306;90.278;90.417;91.528;90.833;88.750;90.000;90.694;91.389;92.500;89.444;89.306;91.528;88.472;92.361;89.722;90.833;89.306;90.000;89.167;89.722;89.861;90.694;90.556;90.556;91.111;90.417;89.028;90.972;92.083;92.778;91.944;87.639;90.278;90.833;89.167;91.389;88.889;92.778;91.389;90.417;90.694;90.000;90.972;90.000;89.861;91.389;90.833;89.167;90.139;91.250;90.000;90.694
GNB;85.417;85.556;85.972;83.056;86.667;83.194;85.000;81.528;86.250;86.111;84.167;85.833;84.444;82.917;86.250;85.278;84.444;83.889;85.694;82.917;84.583;81.806;81.944;84.167;83.889;85.972;84.167;81.806;85.417;82.083;82.361;83.750;86.667;85.833;84.306;84.861;81.806;80.694;81.806;82.778;84.306;81.250;84.167;85.000;86.667;86.250;81.528;83.611;84.306;86.528;82.917;82.639;80.833;82.917;84.028;83.056;87.361;83.889;84.028;85.833;83.194;86.250;84.028;85.833;83.056;84.306;83.194;84.306;83.472;84.583;87.361;84.306;85.139;84.028;83.194;86.389;85.694;84.722;81.667;82.778;81.389;85.278;81.250;84.722;83.750;85.694;84.167;83.611;84.028;82.639;85.694;86.389;81.250;83.194;85.139;83.333;85.556;84.306;84.444;87.083
SVM;84.306;83.194;83.472;83.889;86.806;80.972;82.361;83.056;83.472;84.444;84.167;82.500;81.806;83.194;83.611;82.222;82.639;82.500;82.361;82.222;80.833;79.722;80.972;83.056;85.833;83.056;80.694;82.917;84.028;81.389;83.472;83.194;83.750;82.222;82.222;82.222;81.528;82.639;83.750;81.944;81.528;80.417;83.889;81.528;82.222;84.444;81.111;82.778;82.361;83.611;81.111;81.389;79.583;84.861;83.056;81.667;84.306;82.500;83.056;84.028;79.722;84.306;83.194;82.917;80.278;82.361;81.806;83.333;83.889;82.917;83.472;82.083;82.500;83.889;80.694;83.750;83.750;85.000;83.194;81.667;82.500;83.889;82.778;83.889;82.222;86.389;84.306;80.556;84.444;81.389;85.000;82.083;80.556;84.444;83.194;82.222;82.778;81.944;81.944;81.944
rbio1.1
RFC;83.889;81.111;82.222;81.250;82.361;79.306;80.833;78.333;82.639;83.611;81.528;80.139;80.139;81.389;78.611;83.472;81.944;81.806;80.694;79.861;80.417;78.194;78.333;79.583;82.222;80.972;82.083;83.056;82.222;80.694;79.722;81.667;81.111;82.083;82.639;80.972;80.278;78.889;83.611;79.444;81.111;81.250;82.361;82.222;82.917;82.639;80.694;78.750;78.611;81.250;79.861;80.694;76.250;79.583;80.000;81.528;83.056;79.583;80.556;80.000;77.639;80.417;79.167;80.556;79.306;79.722;80.278;78.750;80.556;80.972;83.750;81.667;80.694;82.361;76.528;82.917;82.222;83.611;82.639;79.028;81.389;82.500;80.972;82.222;80.000;84.861;81.111;79.028;80.972;80.556;84.306;80.972;80.833;81.528;82.639;80.556;81.528;81.250;78.611;81.250
KNN;91.667;90.972;91.528;91.806;92.083;88.333;90.000;89.583;91.528;92.083;91.667;90.417;89.722;90.556;91.528;89.861;91.528;88.750;91.250;89.306;89.583;89.444;88.194;90.556;92.778;91.389;89.722;89.722;90.833;88.750;90.833;90.556;91.528;91.667;88.889;90.833;89.861;89.861;89.861;90.278;90.694;89.583;90.556;88.611;89.722;91.667;90.278;89.167;90.417;90.556;91.528;90.833;88.333;90.000;90.833;91.250;92.639;89.306;89.306;91.528;88.750;92.361;89.444;90.694;89.028;90.139;89.028;89.583;90.139;90.139;90.694;90.694;91.389;90.417;89.028;90.972;92.361;92.778;92.222;87.639;90.139;90.694;89.028;90.972;88.889;92.778;91.389;90.000;90.556;90.139;90.972;90.000;89.861;91.667;91.111;89.444;90.000;91.389;90.139;90.833
GNB;84.722;85.000;84.861;82.639;86.944;83.889;84.028;82.083;86.111;86.389;83.750;85.694;85.556;83.889;85.972;85.278;84.167;84.722;85.556;83.611;84.583;82.222;80.972;82.778;83.750;83.889;83.194;81.806;85.000;82.361;82.083;83.333;85.972;84.861;84.861;84.722;81.667;80.694;83.194;82.917;83.889;80.694;84.167;85.139;85.694;86.944;81.944;82.500;84.028;86.111;83.056;82.500;80.278;83.750;84.167;83.194;87.500;84.306;84.028;85.972;82.917;86.528;83.889;85.833;82.222;84.722;83.056;83.889;83.889;85.000;87.500;83.611;85.417;84.028;82.778;85.694;85.556;84.306;81.528;82.361;82.500;85.556;81.667;85.833;82.917;86.250;84.306;83.750;84.028;82.917;85.139;85.278;81.111;82.083;85.972;83.333;85.139;83.611;86.389;86.250
SVM;84.167;83.056;84.306;84.028;86.389;80.694;82.361;82.917;83.750;84.167;84.444;82.917;81.806;83.194;83.472;82.361;82.778;82.222;82.083;82.917;81.667;79.028;81.250;82.361;85.278;83.194;80.972;82.778;84.167;81.528;83.472;83.472;83.750;82.917;82.500;82.778;81.806;82.639;82.639;82.083;81.806;80.278;83.611;80.833;81.667;84.306;81.389;83.194;82.778;83.472;81.389;82.222;79.306;84.028;83.333;81.528;84.167;82.361;83.472;84.306;79.306;84.306;83.056;83.056;80.139;82.778;82.083;83.611;83.889;83.333;84.167;82.222;82.500;83.750;80.694;84.028;84.444;84.861;83.750;81.806;82.500;83.611;81.944;84.306;82.361;85.694;84.583;80.556;84.583;81.806;84.722;82.639;80.278;84.306;83.611;82.222;83.194;82.222;81.944;83.194
rbio1.3
RFC;83.194;80.556;83.611;84.306;85.694;79.306;80.972;80.278;83.472;83.889;81.528;81.806;82.083;81.250;83.194;83.333;83.611;79.861;78.750;80.833;80.694;77.500;78.889;80.694;82.778;80.833;81.111;82.778;83.750;81.944;80.139;81.667;80.694;82.361;80.972;83.889;80.694;81.944;80.139;80.000;80.972;80.139;82.917;80.694;82.917;84.444;82.917;81.944;83.472;83.889;80.556;79.167;80.278;81.944;82.222;80.972;84.444;81.250;81.667;81.806;81.528;81.528;83.472;83.611;81.250;82.778;81.667;83.611;80.833;80.972;84.028;81.111;84.583;82.083;82.500;80.278;83.056;82.639;81.806;79.444;82.222;83.611;78.056;79.861;79.722;85.417;82.361;81.528;82.639;80.833;82.917;79.861;80.694;82.778;82.500;79.167;81.667;80.694;81.667;82.222
KNN;92.083;91.250;92.222;91.806;92.083;89.306;90.694;90.278;91.667;92.222;91.528;90.833;90.556;91.528;92.222;90.556;92.361;90.139;90.556;90.833;91.528;90.417;89.583;89.861;94.444;92.083;90.139;90.139;90.972;89.306;91.528;91.389;92.083;92.500;90.139;92.500;90.972;90.694;90.000;90.694;91.250;90.694;91.528;88.750;90.972;92.917;90.972;89.861;90.417;91.528;91.806;91.944;89.167;91.250;91.111;92.361;92.778;90.000;91.111;92.778;90.417;92.500;90.139;91.944;90.139;90.694;88.611;90.417;91.250;91.111;91.111;89.861;91.944;91.389;89.722;91.667;92.639;93.472;92.361;88.889;91.528;91.944;90.833;91.528;90.278;92.778;90.972;90.833;90.972;91.806;92.222;90.694;91.528;93.056;92.361;90.278;90.833;91.250;91.250;91.528
GNB;85.972;87.639;85.833;83.611;88.056;82.778;85.417;82.222;86.250;84.861;85.417;85.278;86.944;84.583;86.250;86.806;86.111;84.583;85.000;85.000;84.583;82.778;83.333;84.444;86.806;87.361;85.000;84.444;87.222;82.500;83.750;84.861;87.222;85.139;86.111;85.417;82.778;82.500;82.639;85.278;84.167;80.417;85.694;85.000;85.972;86.944;82.639;85.417;85.694;86.389;81.944;83.611;82.500;84.028;85.139;83.056;88.472;84.028;84.444;87.083;85.000;86.806;85.278;85.694;84.583;84.583;83.472;84.444;85.000;85.417;87.222;85.139;85.556;84.167;83.333;86.528;86.667;85.694;84.444;84.861;83.472;87.500;82.778;85.694;83.194;87.778;84.861;84.167;85.556;82.639;85.833;85.833;82.778;84.306;86.944;85.000;85.000;85.278;86.111;86.806
SVM;85.417;84.444;84.028;84.167;86.250;80.417;81.806;82.222;84.722;84.167;84.167;81.250;83.333;84.167;83.611;82.361;85.833;82.917;83.750;82.778;82.639;79.861;81.528;83.056;86.111;83.056;82.083;81.250;84.306;82.083;83.056;82.361;83.333;82.500;83.472;82.222;82.222;82.222;83.472;82.778;81.528;81.250;83.056;83.194;82.222;85.000;81.944;82.361;82.083;84.167;81.250;81.944;80.139;83.611;82.917;82.361;84.167;82.917;83.889;84.167;80.000;82.500;82.222;82.500;81.667;82.917;81.111;82.778;83.889;83.333;83.750;82.639;83.889;83.889;82.778;83.750;83.611;84.444;85.139;82.500;83.889;83.889;83.056;85.417;82.222;85.694;84.306;81.667;84.167;80.556;83.611;82.639;82.361;84.167;84.861;82.917;82.222;81.528;82.500;83.194
rbio1.5
RFC;85.278;85.000;83.472;82.500;83.333;80.694;80.972;80.833;82.917;82.917;79.722;82.639;83.194;79.167;80.139;80.417;81.944;77.639;81.667;82.361;80.556;78.333;80.417;82.500;83.611;84.444;80.278;80.139;81.944;82.500;83.472;81.389;82.222;83.611;82.917;83.472;80.417;81.250;81.806;80.139;80.417;82.222;83.889;80.972;79.167;84.444;79.861;83.472;82.500;82.361;79.861;83.889;79.028;80.694;82.500;80.139;82.222;80.417;83.056;83.333;80.000;81.250;83.056;83.056;80.972;83.611;81.250;80.972;82.222;81.944;83.056;83.056;82.222;79.306;80.972;82.361;83.472;81.111;81.944;80.000;81.806;83.333;81.250;80.972;79.722;84.444;83.611;80.972;82.917;80.833;84.306;83.056;80.694;84.306;85.417;80.000;79.861;80.694;80.972;82.361
KNN;92.917;92.083;91.528;92.917;92.917;90.278;91.250;90.278;91.806;92.500;92.361;90.278;90.000;91.250;92.778;90.278;92.083;90.417;89.583;91.111;92.083;90.417;90.000;90.000;94.444;91.111;91.250;91.806;91.667;89.167;92.500;91.528;92.500;91.667;90.417;91.667;91.250;90.833;90.139;90.694;90.972;91.389;91.667;89.444;91.389;94.028;91.528;90.000;90.833;91.944;91.667;92.361;88.889;91.667;91.250;92.083;93.194;90.556;92.222;93.750;90.833;92.639;90.556;92.083;90.833;90.833;89.167;91.667;92.639;92.500;91.528;91.250;92.917;91.806;90.833;91.528;93.056;93.333;92.500;89.861;91.667;92.500;90.972;92.639;90.972;92.639;91.111;91.250;92.222;91.944;92.500;91.667;92.083;93.056;92.361;90.417;91.111;92.083;91.250;91.944
GNB;85.139;87.361;85.833;84.861;87.778;82.639;85.694;82.222;86.250;86.806;85.417;85.972;86.111;84.583;87.361;86.389;86.667;84.167;85.833;86.250;84.167;82.222;81.806;83.750;85.556;87.083;84.861;82.639;87.778;82.778;85.000;84.306;87.500;86.111;86.389;85.833;84.306;82.778;82.778;84.861;84.583;80.833;86.667;86.806;84.861;87.083;83.611;85.694;85.694;85.833;83.889;84.306;80.972;83.472;85.417;83.333;88.472;84.722;85.417;86.528;84.444;86.667;84.306;85.972;85.833;85.278;84.722;85.278;85.417;85.556;87.639;86.250;86.111;84.444;83.611;87.083;86.944;86.667;84.306;84.167;83.889;87.222;83.194;85.972;82.639;88.056;86.111;83.889;85.694;83.611;86.806;85.972;82.639;84.722;86.944;85.694;84.444;86.250;85.556;87.361
SVM;84.306;84.444;83.611;84.028;86.528;81.806;82.361;82.917;85.694;84.722;84.028;81.944;83.889;83.750;84.861;83.056;85.694;82.917;84.167;83.333;82.917;79.861;82.778;82.083;86.389;82.361;81.944;81.806;84.861;82.222;85.000;82.083;84.444;84.861;83.194;82.500;82.222;82.778;81.944;82.639;82.222;80.833;83.889;80.972;82.500;84.861;83.333;83.333;83.472;84.583;83.333;82.500;80.694;83.333;82.639;83.611;84.583;83.889;84.583;84.722;82.222;83.611;82.361;81.667;82.222;82.917;81.667;82.083;83.611;84.583;83.611;82.778;84.167;84.306;83.750;84.306;84.583;84.722;85.278;82.778;84.167;84.306;84.444;84.722;83.056;85.833;84.861;83.194;84.861;81.667;84.028;83.611;81.667;85.694;86.111;83.750;82.778;81.528;81.944;83.472
rbio2.2
RFC;83.750;80.556;83.194;80.833;82.778;77.778;83.611;81.111;85.556;83.194;81.667;80.556;85.417;80.278;82.222;84.028;82.639;83.056;82.083;81.250;82.917;81.528;81.944;83.194;83.056;81.111;80.556;82.917;83.750;82.222;83.750;81.528;82.639;84.444;83.889;82.222;81.250;81.250;82.083;83.333;82.500;80.972;84.028;82.361;80.000;83.750;80.972;81.944;83.750;83.611;82.083;81.111;79.583;81.528;82.361;82.917;83.750;80.000;81.111;83.750;82.778;83.889;79.722;81.667;82.222;83.333;83.194;82.500;83.056;82.778;83.611;83.056;83.750;84.722;82.222;82.083;82.500;83.611;80.833;79.306;84.028;81.667;80.833;79.861;83.333;87.500;82.500;81.944;84.028;82.639;83.472;81.528;80.694;83.611;85.694;80.556;81.806;81.806;80.417;84.444
KNN;93.194;92.083;92.500;92.917;93.056;89.722;90.417;90.278;91.806;92.639;92.500;90.972;91.389;91.667;93.056;91.528;92.639;89.722;90.278;91.111;91.528;91.250;90.000;90.556;95.000;92.083;91.389;91.111;92.222;89.722;92.083;91.806;92.639;92.083;90.417;92.778;91.667;90.139;91.250;91.944;91.944;91.528;91.944;89.861;91.944;93.750;91.111;90.278;91.250;93.056;92.361;92.778;89.583;91.528;92.222;92.639;93.472;90.694;92.083;93.611;90.972;93.056;90.278;91.944;90.417;91.528;89.306;91.250;91.667;92.222;91.667;90.833;92.639;92.083;90.972;91.944;93.889;93.056;92.361;89.722;91.389;92.500;90.694;92.222;90.417;92.639;91.389;91.389;91.806;92.222;92.778;91.389;91.111;93.194;92.361;90.417;91.667;91.806;91.111;91.667
GNB;86.806;86.389;85.417;85.139;87.222;83.194;85.972;81.944;86.944;87.222;86.667;86.111;87.639;84.306;87.222;85.972;86.250;85.000;85.417;84.861;85.694;83.333;83.056;84.444;86.250;87.500;84.583;83.750;87.778;83.333;83.611;83.750;88.333;84.861;86.667;85.278;83.750;83.056;82.500;84.167;84.444;82.222;86.806;86.389;86.111;87.917;82.778;85.278;85.694;86.667;84.028;84.028;82.222;84.583;85.833;84.167;88.750;85.139;84.861;86.806;83.750;86.667;83.889;85.694;85.417;84.444;84.444;83.889;84.722;85.417;88.333;85.694;86.667;85.556;84.028;86.944;85.556;86.111;84.306;83.472;83.472;87.361;83.333;84.167;84.722;87.500;85.694;83.889;84.167;83.611;85.556;85.417;82.222;83.333;85.694;84.583;83.472;85.694;85.417;87.778
SVM;85.556;83.889;85.000;83.750;87.500;81.806;83.056;83.194;84.167;84.861;84.444;83.194;83.472;83.333;84.167;82.778;85.556;83.750;84.028;84.306;83.056;80.556;81.667;84.167;85.972;84.583;82.083;83.194;84.722;83.194;84.583;83.472;84.306;83.889;83.889;83.333;82.222;83.333;83.194;82.778;82.222;80.278;84.306;82.917;83.750;85.139;83.056;82.500;83.194;84.444;81.528;83.056;80.833;83.889;82.917;82.917;85.278;84.028;84.583;83.889;80.278;84.028;82.500;84.028;81.944;84.028;82.917;83.611;84.167;84.028;84.167;83.472;83.472;83.194;83.333;85.000;84.306;85.833;85.417;83.194;85.139;85.000;85.000;85.139;83.611;86.389;84.722;82.917;85.278;83.194;85.139;83.611;82.222;85.000;85.000;84.306;83.611;81.667;81.528;83.889
rbio2.4
RFC;84.722;84.167;82.361;81.806;84.306;81.111;82.500;82.222;84.444;84.028;81.528;83.194;83.333;80.972;84.861;85.417;84.167;81.667;81.806;82.083;80.833;80.278;80.694;82.361;82.361;82.500;82.222;83.056;85.000;81.806;84.861;84.028;83.333;81.944;82.083;83.611;83.194;82.917;83.056;81.250;82.361;78.472;84.167;83.333;83.333;85.556;83.611;83.333;82.361;84.583;80.417;82.222;80.278;82.361;82.222;83.194;85.139;84.861;83.472;84.306;80.000;85.000;80.833;80.833;83.472;82.222;82.083;81.250;82.222;82.778;83.333;81.389;83.056;84.583;81.528;81.806;84.722;81.389;84.861;82.222;80.139;83.333;83.056;82.222;81.250;85.556;83.889;82.361;83.056;82.361;83.333;82.500;81.667;83.333;85.139;82.222;82.778;82.639;81.389;84.722
KNN;93.889;92.639;92.778;93.056;93.472;90.139;91.806;90.972;93.056;93.194;92.917;91.667;91.250;91.389;93.194;91.389;92.639;90.556;91.250;91.667;92.917;90.972;90.417;90.833;95.000;92.361;91.806;91.944;92.222;90.000;93.333;92.222;93.056;92.361;91.250;92.639;91.944;91.111;91.111;91.667;92.222;92.917;92.778;89.722;92.222;94.306;91.944;90.833;91.667;93.194;91.528;92.778;90.000;91.806;92.361;93.333;93.472;90.556;92.500;93.472;91.250;93.611;90.556;92.917;91.667;91.944;89.722;92.361;92.778;92.778;92.917;91.667;93.472;92.500;91.667;92.917;93.889;93.889;93.056;90.417;92.222;93.056;91.528;92.361;91.528;93.194;91.389;91.389;92.639;92.500;93.056;92.222;92.083;93.472;92.778;91.111;92.361;92.361;91.944;92.639
GNB;86.250;86.528;86.250;85.278;88.194;84.028;86.528;82.917;86.806;87.639;86.944;85.278;86.389;84.722;86.667;87.917;87.361;85.694;85.694;85.833;86.250;83.333;82.222;83.750;86.250;86.667;85.278;84.028;87.500;82.361;84.306;85.278;86.250;87.083;86.111;85.139;85.000;83.194;83.611;85.556;84.306;81.667;87.361;85.833;86.667;87.778;83.472;86.806;86.111;87.500;83.750;84.444;83.472;83.611;84.722;83.611;90.417;85.694;84.444;87.639;84.444;86.944;84.444;87.222;84.722;85.417;85.556;85.139;85.417;85.833;88.889;85.556;86.667;83.889;84.444;86.667;86.528;87.361;83.750;85.000;85.000;86.667;81.528;86.528;84.861;88.472;86.528;83.750;85.278;83.333;85.833;86.667;82.917;85.833;87.361;85.139;85.556;85.833;85.694;88.056
SVM;85.972;84.306;84.444;85.000;86.944;82.639;82.639;83.194;85.417;85.417;84.861;83.472;83.611;83.333;85.000;83.194;86.667;83.750;84.722;83.889;83.889;80.556;82.639;83.333;86.528;83.889;83.194;82.917;84.583;82.778;84.861;83.750;84.861;84.583;84.028;83.611;83.333;83.194;83.750;83.056;81.667;82.222;84.444;82.500;84.167;85.139;82.639;83.472;84.444;85.000;83.472;84.028;80.833;83.889;83.194;82.778;86.250;84.722;84.583;84.444;83.056;83.889;83.750;84.444;82.361;83.889;84.167;83.611;84.861;84.861;83.333;83.750;84.444;84.028;84.028;85.694;84.306;85.556;86.111;82.639;84.861;85.000;84.444;84.583;84.306;86.667;85.694;83.194;85.278;83.056;85.278;85.278;83.750;85.694;85.556;83.194;83.333;82.222;82.917;83.750
rbio2.6
RFC;85.417;83.472;83.889;82.083;85.278;81.667;81.806;83.194;82.778;84.444;85.139;80.833;81.944;81.528;83.194;81.389;84.167;81.250;83.194;84.028;83.056;80.556;81.806;81.944;85.417;84.167;83.611;83.333;84.167;81.250;82.222;85.000;82.778;83.472;82.917;82.500;82.639;83.750;82.639;82.361;82.917;80.556;82.500;82.361;80.833;85.278;83.056;83.333;83.194;84.722;84.028;82.083;82.083;81.667;81.944;82.222;85.417;82.500;83.194;85.417;80.556;81.806;82.500;84.167;84.028;82.778;82.778;81.806;82.639;81.389;84.028;84.306;83.750;85.278;80.278;82.500;84.444;85.417;83.472;80.417;83.194;82.500;83.056;80.556;82.361;86.528;83.611;82.361;83.750;84.306;81.528;81.944;81.944;83.889;83.889;79.444;82.917;83.333;81.389;85.417
KNN;93.472;92.639;92.639;93.194;92.917;90.972;91.389;91.250;92.639;93.333;92.500;90.833;90.833;91.944;93.194;92.083;92.361;90.278;91.528;92.361;93.333;90.972;90.278;90.972;94.722;92.222;92.500;91.806;92.500;89.722;93.333;92.222;92.917;92.361;91.528;92.778;91.944;91.667;91.111;91.250;92.222;92.917;92.778;89.861;92.500;94.444;91.389;91.111;92.083;93.056;91.528;93.333;90.417;91.528;91.944;93.194;93.333;90.833;92.361;93.750;90.972;93.889;91.667;92.778;91.667;92.083;89.722;92.361;92.778;92.778;92.917;91.389;93.611;92.778;91.667;92.639;93.472;93.611;92.778;91.111;92.083;92.778;91.528;92.917;91.111;93.472;91.528;91.806;92.639;92.361;93.472;91.667;92.778;93.750;92.500;90.694;92.500;92.222;91.667;92.778
GNB;86.667;87.222;85.833;84.722;87.500;83.611;84.861;83.750;87.361;87.500;86.111;86.111;87.083;83.889;87.639;86.806;86.806;85.972;86.528;86.389;83.889;84.167;83.056;84.306;88.333;87.500;86.389;83.333;87.083;82.222;83.056;85.139;86.667;86.389;86.250;86.389;84.583;83.889;84.306;85.139;84.861;81.806;87.500;86.111;85.833;88.611;83.750;85.833;85.694;86.806;83.472;83.750;83.056;85.000;84.722;82.917;88.333;84.583;85.139;88.056;84.861;85.556;85.000;86.111;85.694;85.139;85.417;84.028;86.389;86.528;88.333;85.139;86.250;85.694;84.444;86.806;87.222;86.667;84.444;85.278;84.167;87.500;83.333;86.250;82.778;88.333;85.139;84.861;85.139;83.472;85.972;85.000;83.611;86.667;87.639;85.139;86.667;86.111;86.111;87.778
SVM;85.278;84.444;82.778;85.417;87.361;82.639;83.472;83.194;85.694;85.417;84.583;83.611;83.194;83.194;85.417;83.194;85.417;83.611;84.028;85.417;83.611;80.556;81.944;84.028;87.083;83.611;82.500;83.056;84.722;82.639;86.111;84.028;84.861;85.000;82.083;84.444;83.611;83.056;82.917;82.917;83.333;83.333;84.861;82.222;83.472;85.139;83.194;84.306;84.167;85.000;83.472;83.472;81.389;84.028;83.750;83.611;84.306;84.306;83.611;85.556;82.500;84.167;83.611;82.222;83.056;83.750;82.639;83.611;84.861;83.611;83.333;85.139;83.194;84.306;83.611;86.111;84.861;85.278;85.833;82.083;84.583;85.833;85.278;84.583;83.611;87.778;85.278;83.333;85.278;83.333;85.278;84.444;82.778;85.000;86.667;82.778;84.444;82.500;83.472;84.028
rbio2.8
RFC;84.028;85.139;85.139;85.139;84.444;80.417;82.083;82.083;84.167;85.417;83.611;83.194;83.056;81.389;82.778;84.028;81.250;83.056;80.000;82.639;82.917;80.556;80.139;81.667;84.167;82.361;83.889;81.667;85.417;82.778;83.333;84.861;78.194;84.583;81.528;84.028;82.639;84.444;83.056;83.472;83.194;83.056;84.028;83.889;82.639;85.000;82.361;83.472;84.444;82.917;81.389;82.778;81.528;81.806;83.194;83.889;86.111;81.806;81.667;84.444;81.806;84.167;81.528;81.250;81.667;83.472;81.667;81.528;84.167;82.639;85.139;84.306;83.750;82.917;80.000;83.333;83.611;83.611;82.778;79.444;80.833;84.028;85.972;84.028;82.639;85.972;83.333;83.333;83.194;83.333;83.333;83.889;81.944;84.722;82.500;84.167;83.750;81.389;83.056;84.028
KNN;93.472;92.639;92.639;93.889;93.056;90.833;91.528;91.250;92.917;92.778;92.639;91.389;90.694;91.389;93.611;91.667;92.500;90.833;91.250;92.361;92.778;90.972;90.417;90.972;95.000;91.944;92.222;91.667;92.222;89.583;93.333;91.528;92.917;92.639;91.667;92.778;92.639;91.944;90.972;91.389;92.361;92.917;92.222;90.556;92.917;94.722;91.667;90.833;92.361;93.194;91.667;93.194;89.861;91.250;91.250;93.333;93.056;91.528;92.361;93.472;91.389;93.611;91.944;92.778;91.806;91.944;89.444;92.222;93.611;92.917;92.500;91.528;93.333;92.639;91.944;92.500;93.889;93.889;92.778;91.667;92.361;92.917;91.667;93.472;91.111;92.778;91.528;92.083;93.056;92.222;92.639;91.667;92.639;93.611;92.222;91.250;92.639;92.222;91.944;92.361
GNB;86.250;87.361;86.250;85.278;88.056;84.444;85.417;82.500;86.528;87.222;86.250;86.389;86.667;85.139;87.083;86.667;86.528;85.833;86.250;85.417;84.861;83.889;83.750;84.861;87.222;86.806;87.083;82.639;86.944;82.500;83.194;83.889;86.389;86.250;86.250;86.944;83.889;83.194;82.917;85.417;86.528;82.778;87.917;87.222;85.833;89.167;84.306;86.250;85.694;86.528;84.306;85.000;83.194;85.417;85.278;83.333;89.167;84.722;85.972;88.194;85.694;86.944;84.167;86.806;85.417;85.972;85.694;84.861;86.528;86.667;88.333;86.528;85.417;85.694;84.167;86.944;87.639;86.528;84.167;84.722;83.889;87.917;83.750;84.306;83.750;87.778;85.556;84.722;86.250;83.889;86.389;85.556;82.917;86.528;87.778;84.583;85.556;86.111;85.278;87.083
SVM;85.139;85.139;84.167;85.139;86.667;81.806;83.611;83.056;85.278;85.139;85.833;83.611;84.028;84.167;86.111;83.611;85.278;84.028;84.444;85.278;84.306;81.250;82.500;84.306;87.083;84.028;83.056;84.167;85.972;82.222;85.694;84.306;84.306;84.583;82.361;85.139;84.167;83.750;81.944;82.917;84.444;83.194;83.472;82.361;83.889;85.139;82.639;84.306;84.028;84.722;83.750;83.889;79.722;84.861;83.750;84.167;84.167;83.889;83.472;85.556;83.194;84.306;83.472;83.056;81.667;83.750;83.472;84.444;84.028;84.167;82.778;84.444;84.861;84.722;82.361;86.389;85.694;84.861;85.556;82.639;83.889;86.250;84.444;85.139;83.611;87.500;86.111;82.639;85.694;84.028;85.278;85.000;83.194;86.389;87.222;84.028;84.861;82.778;84.028;85.833
rbio3.1
RFC;84.722;83.611;84.028;82.083;85.417;81.389;82.639;80.833;84.167;83.472;83.472;82.778;81.667;83.333;83.750;83.333;84.306;80.556;82.083;80.000;81.667;80.556;80.833;80.972;86.806;83.472;81.528;81.806;82.778;84.167;84.028;82.778;82.222;84.444;82.361;82.917;81.944;81.111;80.556;82.083;79.583;80.417;83.750;82.361;80.833;85.417;82.083;82.917;83.056;86.111;80.139;78.472;79.444;81.944;82.083;81.944;83.472;81.944;82.361;85.556;79.861;83.194;82.222;82.500;81.944;81.250;81.111;80.972;82.222;81.944;84.583;83.472;84.028;83.333;81.111;82.778;83.472;84.167;82.361;81.944;81.806;83.889;83.056;83.611;79.861;85.000;85.278;82.361;84.306;82.500;82.500;81.944;84.028;84.861;84.861;80.972;83.194;82.222;81.528;83.750
KNN;93.889;92.222;92.361;93.194;92.639;90.000;90.694;91.250;92.500;92.778;93.056;91.250;90.833;91.806;93.194;90.972;93.056;90.139;90.694;90.972;91.806;91.250;90.278;91.389;94.722;92.222;91.250;91.528;92.222;89.861;92.778;91.806;92.917;91.944;90.972;92.500;92.083;90.278;91.944;91.944;92.361;92.083;92.222;89.444;92.083;93.611;90.694;90.417;90.972;92.917;92.083;92.639;89.028;91.944;92.083;93.333;93.333;91.111;91.250;93.611;90.833;92.778;91.111;92.083;90.694;91.111;89.722;91.528;91.806;92.083;92.222;91.250;93.056;92.500;91.250;91.806;94.167;93.611;92.778;90.556;91.944;93.056;90.972;92.500;90.556;93.611;91.389;92.361;91.944;92.361;92.917;91.389;91.528;93.056;92.500;90.417;91.806;91.806;91.806;92.500
GNB;85.694;86.944;85.694;85.000;87.083;82.917;84.306;82.639;86.944;85.417;84.861;85.139;86.667;83.889;87.361;85.972;85.833;84.722;85.972;85.000;85.000;83.750;82.361;84.306;86.389;88.194;84.167;84.444;86.806;83.056;84.444;83.889;86.944;85.556;85.139;85.833;83.750;82.778;82.361;83.889;85.139;82.361;86.389;86.111;86.944;86.250;83.194;85.139;85.556;87.500;83.194;83.750;82.222;85.417;85.000;82.778;87.778;84.167;85.000;88.056;84.722;86.389;84.444;85.278;84.861;85.694;84.444;84.167;85.139;85.417;88.472;85.556;84.861;84.722;83.750;87.222;86.111;86.250;84.583;81.944;84.583;89.028;82.361;85.972;83.750;87.639;85.139;83.194;84.306;82.361;86.250;84.722;82.917;84.306;87.083;83.472;84.722;85.694;86.389;86.806
SVM;85.417;84.583;85.417;84.444;87.361;81.528;82.917;82.917;84.028;84.861;84.722;83.333;84.861;84.167;84.861;82.917;85.417;84.306;84.306;84.167;83.750;81.250;82.361;85.000;86.389;85.833;83.194;82.917;84.444;82.500;84.722;84.444;84.861;84.167;83.472;84.722;82.500;83.472;82.083;84.167;81.806;81.806;84.167;83.056;83.750;85.833;82.222;84.444;85.000;84.583;80.972;83.611;80.000;83.333;83.472;83.611;84.583;83.750;84.861;84.722;81.667;83.889;82.778;83.750;82.778;84.028;82.639;83.750;84.306;85.139;83.750;84.306;82.639;85.278;83.194;85.833;84.444;85.556;84.028;83.750;85.000;85.972;84.861;84.444;83.194;87.500;85.417;82.361;85.556;83.056;85.417;84.167;82.222;86.111;84.722;84.167;83.194;81.667;83.333;84.028
rbio3.3
RFC;84.583;83.750;83.194;83.194;83.611;80.139;82.639;80.972;84.583;83.472;83.889;82.083;84.444;82.222;82.778;86.111;83.056;79.306;83.889;82.083;81.528;80.556;81.389;81.806;87.083;85.972;82.639;80.694;83.889;81.944;80.278;83.889;82.222;82.639;81.389;82.500;82.639;82.361;83.611;81.944;81.667;77.917;85.556;81.944;84.722;84.028;81.250;82.500;83.194;83.472;81.528;82.500;81.528;83.056;82.917;80.972;85.556;83.889;83.194;83.056;83.056;82.500;80.694;81.389;84.167;83.472;82.222;82.361;83.333;83.889;84.583;82.917;84.167;84.583;80.972;82.361;84.444;84.306;83.333;81.250;83.056;84.722;83.056;84.583;80.972;85.972;84.167;83.194;83.472;82.222;81.389;84.861;84.167;82.500;86.250;83.611;84.167;82.917;80.139;83.333
KNN;93.889;92.639;92.639;93.472;93.472;90.972;91.806;91.111;93.333;93.333;92.778;91.806;91.111;91.944;93.472;91.806;93.194;90.417;91.250;91.389;93.194;90.972;90.556;91.111;95.139;92.639;92.361;91.944;92.361;90.278;93.611;91.944;93.056;92.500;91.389;92.778;92.361;90.694;91.667;92.222;92.500;92.639;92.917;89.167;93.194;94.306;91.528;90.417;91.528;93.472;91.944;92.778;89.722;92.222;92.500;93.194;93.472;90.417;92.778;93.750;91.250;93.889;90.417;92.083;91.389;91.806;90.556;92.500;92.639;92.917;92.778;91.944;93.333;92.917;91.250;92.500;94.306;94.167;93.056;90.694;92.361;93.333;91.528;92.778;91.111;93.889;91.667;92.361;92.639;92.361;93.194;92.222;91.944;93.611;92.361;90.833;91.944;91.667;92.083;92.639
GNB;86.111;87.222;86.667;84.583;88.056;83.472;86.667;82.917;87.917;87.500;86.389;85.972;86.528;86.389;87.361;86.250;86.528;85.278;86.389;86.250;85.278;83.750;82.361;82.639;86.944;87.083;85.833;83.750;88.611;82.917;83.750;84.583;87.361;85.556;85.417;86.667;84.306;83.333;84.028;84.722;84.583;82.917;87.778;85.833;85.278;88.333;82.361;86.528;85.278;87.778;84.028;84.583;82.083;84.028;84.722;84.306;89.861;85.000;84.722;87.778;84.028;86.667;84.583;86.389;85.000;85.278;85.278;84.306;85.972;86.250;88.194;85.833;86.111;84.306;83.333;87.361;86.389;87.778;84.028;83.611;84.306;88.056;82.500;86.111;84.444;88.472;86.806;83.472;85.000;83.750;86.667;86.944;83.611;85.417;87.361;85.556;85.833;85.278;84.861;87.917
SVM;85.417;85.278;84.306;85.556;88.333;83.889;84.583;82.778;85.833;85.833;84.861;83.889;84.028;84.167;85.694;82.222;86.528;83.611;84.861;85.000;84.028;81.528;82.778;83.333;87.361;84.861;82.222;82.639;84.306;83.194;84.861;83.056;85.278;84.722;83.750;83.611;82.639;82.917;83.750;84.028;82.500;82.500;84.028;82.639;83.333;85.833;83.889;83.056;84.444;85.000;82.639;84.306;81.667;84.028;82.361;84.167;85.278;85.000;84.306;84.444;82.083;83.611;84.167;84.861;82.778;84.028;83.889;83.750;84.861;84.583;83.750;85.278;84.306;84.722;84.167;85.556;85.139;85.417;85.417;82.917;85.000;85.139;84.861;84.583;83.750;87.083;86.111;83.472;85.000;83.194;85.972;84.028;82.778;86.389;86.389;83.611;83.611;82.500;83.611;84.444
rbio3.5
RFC;83.194;81.806;83.750;83.333;85.556;82.222;83.333;81.944;84.722;85.278;85.417;83.056;84.861;83.333;84.583;83.611;83.333;80.556;80.278;84.306;79.722;81.944;83.472;80.556;86.111;82.639;84.444;82.500;82.500;82.361;83.750;82.500;81.389;82.917;82.500;82.500;81.389;83.333;81.667;83.333;83.472;82.500;84.306;82.917;82.778;84.028;82.361;83.056;85.833;85.417;82.500;84.306;80.000;82.639;83.611;81.806;82.500;82.222;84.722;84.306;81.806;82.222;82.083;83.056;81.944;80.833;82.778;80.833;83.472;84.306;84.167;83.056;83.472;85.972;82.639;84.444;84.028;82.500;84.583;83.472;83.611;83.056;81.528;83.194;80.278;84.583;85.972;82.222;84.583;85.556;80.972;84.722;80.694;83.472;86.528;82.917;81.944;83.194;81.528;81.528
KNN;93.750;92.361;92.639;93.333;93.194;91.667;92.361;91.389;93.333;93.472;92.917;91.667;91.250;92.222;94.028;92.500;93.056;90.972;91.389;92.222;93.333;90.972;90.972;90.833;95.694;92.361;93.056;91.667;92.500;90.139;94.028;92.361;93.194;92.778;92.083;93.056;92.639;91.528;91.667;91.528;92.500;93.472;92.917;90.278;92.917;94.306;91.806;90.972;92.639;93.333;91.667;92.917;90.556;91.944;92.500;93.333;93.889;91.250;92.917;94.028;91.111;93.611;92.222;92.639;92.361;92.500;90.972;92.778;93.333;92.917;92.639;92.083;93.472;93.056;91.806;92.639;94.167;94.028;92.917;91.667;92.778;93.611;91.667;93.056;91.528;93.611;91.806;92.500;93.472;92.500;93.611;92.222;92.639;94.028;92.500;90.972;92.500;92.361;92.361;93.056
GNB;85.833;86.944;85.972;85.556;88.056;84.167;85.278;82.083;86.806;86.667;86.806;86.389;86.250;85.556;88.611;87.222;86.389;85.556;85.694;85.556;84.861;83.611;82.361;83.750;87.639;87.361;86.250;83.056;88.056;83.194;83.333;86.389;86.528;85.000;87.361;86.389;84.583;83.194;83.333;84.722;85.833;82.222;86.667;88.056;86.250;88.333;83.889;85.278;85.139;86.667;84.167;85.139;82.361;84.306;85.278;84.306;90.000;85.694;85.833;87.222;84.722;86.111;85.556;85.833;86.111;86.389;85.556;85.972;85.278;86.667;88.611;85.278;85.833;84.861;84.583;87.500;85.833;87.361;84.444;84.306;84.444;87.917;82.917;86.389;83.611;88.333;85.556;84.722;85.833;83.611;86.389;86.528;83.611;86.944;87.222;85.972;86.389;85.417;85.694;88.333
SVM;85.694;86.111;84.583;86.250;87.222;82.917;84.167;82.917;85.417;85.972;85.417;84.444;83.889;85.139;85.833;83.194;86.111;84.306;84.028;85.139;84.722;81.528;83.472;83.889;87.361;83.889;83.750;83.472;85.278;83.194;85.000;84.861;85.278;85.556;83.750;84.306;83.611;82.500;83.611;82.778;83.333;83.056;85.139;82.778;83.889;85.278;83.750;83.750;84.167;85.278;82.917;83.194;80.972;84.583;83.472;83.889;85.556;84.306;83.889;85.000;83.750;83.889;83.889;84.028;82.639;84.444;83.750;84.167;85.556;85.000;83.194;85.972;84.167;85.556;83.611;85.833;84.444;85.556;86.389;83.194;84.861;85.278;85.694;85.278;83.889;87.917;85.694;83.472;84.861;82.639;85.972;84.583;83.056;86.528;87.083;83.333;84.444;83.472;83.611;85.000
rbio3.7
RFC;85.417;83.333;85.833;82.083;85.139;80.139;83.611;82.639;84.861;83.611;84.167;82.639;84.306;82.222;83.194;83.194;81.806;78.472;82.361;83.194;83.194;80.278;82.083;83.056;86.806;83.194;81.944;81.806;84.722;82.083;82.500;83.611;82.500;84.306;83.750;84.583;83.750;82.639;81.250;83.333;83.056;82.500;84.722;82.083;82.778;84.167;81.944;84.167;85.000;82.222;79.167;83.333;79.861;83.472;81.944;81.944;85.278;81.528;82.639;83.194;81.111;83.472;81.944;82.500;82.500;84.167;83.056;81.944;85.556;82.917;84.444;81.944;83.472;84.028;82.361;84.444;85.972;84.722;83.056;80.417;83.333;84.167;84.167;82.083;81.250;88.194;83.194;83.056;85.417;81.806;81.389;83.194;81.806;83.333;84.028;81.111;85.833;83.472;80.694;83.056
KNN;94.028;92.778;93.194;93.750;93.333;90.833;92.222;91.528;93.472;94.028;93.611;92.083;91.250;91.667;94.444;92.917;92.917;91.111;91.389;92.222;93.194;90.972;91.250;90.972;95.278;92.361;92.917;91.806;92.778;90.139;93.750;92.083;93.194;93.056;91.528;93.611;92.083;92.083;91.389;91.389;91.944;93.472;93.194;90.694;93.056;94.583;91.944;91.111;92.500;93.194;92.083;92.917;90.278;91.944;91.944;93.056;93.472;91.806;92.083;94.306;91.111;93.611;91.667;92.778;91.944;92.500;90.417;92.639;94.028;92.639;92.778;92.361;93.472;93.333;91.528;92.917;94.306;93.889;93.194;92.222;92.500;93.333;92.361;93.056;91.667;93.194;92.083;92.500;92.917;92.361;93.056;92.222;93.056;94.306;92.778;91.667;93.333;92.361;91.944;93.194
GNB;86.111;86.389;86.250;84.444;88.611;85.000;86.250;82.361;87.083;86.250;85.972;85.556;86.389;84.306;88.194;86.944;86.250;85.417;85.694;85.556;84.861;84.722;84.028;85.417;85.694;87.639;85.972;81.389;86.806;82.639;83.611;85.417;86.111;86.806;86.806;87.639;83.194;82.222;83.333;84.861;84.028;81.528;87.361;87.222;85.972;88.472;83.611;85.972;87.222;87.500;84.306;85.556;83.611;84.028;86.806;83.056;88.472;84.583;85.972;88.472;84.583;85.972;84.583;86.667;86.250;84.722;85.694;84.444;85.833;86.250;88.750;85.417;85.278;84.583;84.028;86.944;87.361;86.944;84.306;84.722;83.889;87.361;83.472;86.111;83.056;88.333;85.000;84.444;85.000;83.056;87.361;86.667;83.611;86.111;86.528;84.028;85.972;86.111;85.417;87.639
SVM;85.556;85.000;84.028;86.111;87.361;82.778;83.611;82.917;85.556;85.694;85.694;83.889;84.306;84.861;86.528;83.472;85.556;84.583;84.306;85.139;84.167;82.917;82.361;84.722;87.083;84.306;84.167;83.750;85.000;82.500;85.278;85.694;84.861;85.278;82.083;84.028;84.028;83.333;82.361;82.917;84.444;82.917;85.139;83.472;84.306;85.556;83.194;84.028;84.722;85.278;83.472;84.444;81.111;84.861;82.917;84.028;84.861;84.722;83.333;85.694;84.444;84.306;84.167;83.056;82.222;84.583;83.611;84.444;85.139;85.000;83.056;85.417;84.028;85.556;83.056;86.389;85.694;85.278;86.250;83.611;85.000;85.139;84.861;84.722;84.167;88.056;85.972;83.333;85.417;83.472;85.417;84.861;82.917;85.833;87.639;84.167;84.444;83.333;83.194;85.833
rbio3.9
RFC;85.972;84.028;85.278;83.194;83.750;81.250;81.944;82.361;83.056;84.583;84.444;83.889;84.583;81.944;85.278;82.500;82.500;83.056;81.389;83.750;83.472;83.056;81.250;82.639;84.722;85.694;83.472;84.028;84.444;82.083;81.528;84.444;85.556;85.833;83.333;83.889;85.000;82.083;81.389;84.028;82.222;82.500;84.861;82.917;83.611;85.139;81.944;81.806;84.722;84.167;81.389;83.889;77.361;81.944;82.500;83.194;84.444;82.222;84.167;83.472;82.222;83.194;84.028;83.056;81.389;80.972;82.500;81.667;83.889;83.750;84.306;80.833;84.444;84.722;81.667;84.583;83.472;84.028;82.778;80.278;82.083;83.750;84.306;83.194;80.833;84.306;85.278;82.778;84.306;81.944;84.583;82.083;80.972;85.417;83.056;83.194;80.417;84.583;80.417;82.778
KNN;94.306;92.778;92.917;93.333;93.611;90.972;91.806;91.389;93.194;93.333;93.056;91.667;91.667;92.639;94.444;92.222;93.194;91.528;91.528;92.222;93.194;91.111;90.833;91.111;95.556;92.500;92.917;92.361;92.778;89.722;93.611;91.528;93.194;93.056;91.806;93.889;92.500;92.083;91.667;91.806;92.222;93.056;92.917;90.833;92.778;94.306;92.083;92.083;92.222;93.194;92.500;92.917;90.417;91.667;91.667;93.472;93.611;92.083;91.806;94.444;91.389;93.472;92.083;92.361;92.222;91.944;90.139;92.361;94.028;92.917;92.778;91.806;93.611;93.333;91.250;92.917;94.444;93.750;93.194;92.361;92.361;93.333;91.667;93.472;91.528;93.472;92.083;92.500;93.194;91.944;92.778;92.222;92.778;94.583;92.361;91.806;92.639;92.639;91.667;93.472
GNB;86.111;87.361;87.083;85.278;87.639;85.833;86.111;82.361;86.528;86.111;85.694;85.278;87.361;84.028;88.750;86.806;86.528;86.111;85.833;84.722;84.722;84.861;82.083;83.056;88.194;88.889;85.278;82.500;86.250;82.639;83.611;85.694;87.222;87.083;87.222;88.056;83.333;83.472;84.444;85.000;85.139;81.389;87.917;87.361;86.667;88.333;83.333;85.972;86.250;86.806;84.167;84.861;84.583;84.444;85.972;83.889;87.639;84.861;85.972;88.750;84.861;87.222;84.583;85.694;86.389;85.278;85.417;85.000;85.972;86.667;87.917;85.000;85.417;85.000;84.444;87.222;87.639;86.806;84.583;84.444;83.472;87.500;84.167;86.667;82.222;88.333;86.250;84.583;83.889;84.028;87.639;85.694;83.333;85.278;88.194;85.000;85.972;86.667;86.667;87.500
SVM;86.528;85.139;84.028;86.944;87.222;83.056;83.611;83.611;86.111;85.556;85.417;84.167;84.306;84.444;86.944;83.472;85.417;83.611;83.611;85.278;83.611;82.083;82.778;84.861;87.222;84.861;84.028;83.611;85.556;82.083;85.139;84.861;84.028;85.556;82.500;85.417;83.611;83.472;82.917;82.639;84.167;82.917;84.306;83.472;83.750;85.694;82.778;84.167;85.000;85.694;84.028;85.556;80.417;84.722;83.056;84.444;84.722;84.722;83.889;85.417;83.750;84.028;83.194;83.472;82.639;83.750;83.611;84.861;84.861;85.139;83.472;84.167;85.000;84.444;81.806;85.694;85.833;85.417;87.222;84.167;83.750;85.694;85.417;85.972;84.583;87.222;85.000;82.778;84.861;83.889;85.417;85.000;84.167;86.250;86.111;83.750;84.583;84.306;83.194;85.694
rbio4.4
RFC;82.778;80.833;81.667;80.139;84.583;80.694;80.139;78.611;81.944;82.639;83.750;82.778;82.500;79.444;82.361;82.500;82.500;83.611;80.278;83.333;81.667;78.333;80.139;80.694;83.750;82.500;82.639;80.972;81.667;78.472;79.444;80.972;80.694;81.111;80.139;83.056;81.111;81.806;81.111;80.417;79.861;78.472;82.361;82.639;80.417;82.083;80.417;77.917;80.833;80.278;78.750;78.194;78.194;81.111;80.833;81.806;82.500;80.278;82.222;81.667;79.306;79.861;80.139;83.194;81.528;81.667;80.833;78.889;82.361;79.583;81.944;81.944;79.861;83.750;81.944;81.667;81.944;84.167;80.278;77.500;81.250;82.917;80.278;82.917;79.722;84.167;82.222;79.167;82.222;80.972;82.083;82.639;79.167;81.806;82.778;82.083;83.194;81.389;79.583;83.056
KNN;91.667;90.556;90.833;91.667;91.667;89.028;90.417;89.583;91.667;91.250;91.528;89.167;89.028;90.972;90.833;89.583;90.972;89.167;88.750;89.444;89.861;89.722;89.167;89.444;93.056;90.833;90.139;90.139;90.000;88.889;90.972;90.694;91.667;91.111;89.167;90.833;90.139;90.278;89.722;89.722;90.556;90.556;90.972;88.611;90.139;93.194;90.833;89.722;90.556;90.972;91.111;91.111;88.889;90.417;90.833;91.111;91.944;89.583;90.556;92.500;89.861;92.500;90.000;90.694;89.167;90.278;88.056;89.722;90.556;91.111;90.694;90.000;92.222;91.250;89.583;91.528;91.389;93.056;92.500;88.889;91.111;91.111;89.861;91.944;90.000;92.361;90.694;89.444;90.972;91.250;91.806;90.417;90.556;92.500;91.111;89.444;90.139;90.972;90.417;90.972
GNB;86.944;87.500;85.833;83.889;87.500;84.028;85.139;81.944;85.417;84.861;86.111;86.111;84.583;84.167;86.806;86.111;86.250;83.056;85.278;85.972;85.000;81.944;82.917;83.194;85.694;86.111;85.972;83.889;86.528;82.778;84.861;82.778;85.972;85.556;85.972;84.306;83.056;81.944;83.472;83.889;84.444;81.250;87.500;85.694;85.972;86.528;83.472;86.389;86.528;86.250;83.194;83.889;82.083;84.444;84.583;84.028;87.222;84.167;85.278;86.250;84.167;87.083;83.611;85.833;84.722;84.306;83.333;84.722;84.444;84.861;87.917;85.556;84.583;84.306;83.611;87.917;86.667;85.417;84.444;83.333;83.056;87.500;82.639;85.556;82.778;86.944;86.111;82.778;85.278;82.639;86.667;85.278;82.778;83.472;85.972;82.917;85.278;85.833;86.111;86.944
SVM;83.889;83.194;83.056;84.028;84.861;80.278;80.139;82.222;85.000;83.750;83.194;82.361;82.639;82.361;82.778;81.667;85.556;82.639;82.917;82.639;81.944;80.000;81.944;81.528;85.972;82.361;82.083;82.639;83.750;82.222;83.194;81.389;83.750;82.222;82.361;81.806;81.944;82.222;81.528;82.222;80.278;80.833;82.500;82.222;82.083;84.167;81.528;83.194;82.083;83.611;81.806;81.944;79.861;83.333;81.250;82.222;83.750;82.917;83.056;84.306;80.694;83.056;81.667;81.389;81.389;81.667;81.806;82.639;83.194;83.472;82.639;82.778;83.194;82.639;83.472;83.889;83.611;84.444;83.889;81.806;83.750;82.778;81.944;84.444;82.222;85.556;84.306;81.944;84.028;80.694;84.306;82.917;80.833;84.028;83.889;82.639;80.972;81.667;80.833;83.333
rbio5.5
RFC;80.417;78.750;79.583;78.333;78.194;76.667;79.306;78.472;78.750;76.944;79.722;81.389;81.250;78.056;77.222;79.444;80.000;77.639;77.917;79.167;78.472;77.361;78.194;80.000;79.861;78.889;77.361;79.722;79.306;78.194;79.861;79.028;77.917;78.611;78.750;78.889;78.333;78.750;79.306;78.750;78.750;78.472;79.722;79.306;75.278;82.361;76.806;77.361;80.000;78.472;76.528;82.361;73.889;77.361;80.278;76.667;81.389;77.917;79.861;77.639;77.778;79.861;81.111;80.000;77.778;79.722;80.556;78.611;76.806;77.778;79.722;80.556;79.167;81.250;76.944;77.222;80.278;80.139;77.917;74.722;77.083;80.833;75.556;77.222;79.306;82.500;79.861;77.500;77.361;76.111;79.861;82.083;75.972;79.444;78.472;79.444;76.667;81.528;78.611;79.583
KNN;89.722;88.750;88.194;89.167;90.833;87.222;88.472;87.083;88.611;88.750;88.611;86.389;86.250;89.167;88.889;87.500;88.889;86.806;86.667;87.361;88.194;88.611;87.500;87.361;89.861;88.194;88.472;87.639;88.611;86.111;89.583;87.500;87.917;89.722;86.806;88.750;87.778;88.472;87.639;87.083;88.750;88.472;89.306;86.389;88.194;90.278;88.194;88.611;88.750;88.750;87.361;87.917;86.806;88.611;89.167;88.472;90.417;87.778;89.028;90.000;87.500;90.139;87.222;88.194;87.361;88.611;85.972;86.944;88.056;88.194;88.611;87.500;90.278;88.611;86.250;88.611;89.028;90.556;89.722;86.111;87.639;89.306;87.222;88.889;87.361;91.389;89.583;87.500;87.917;88.750;89.167;88.611;87.778;89.167;88.056;86.389;88.056;88.333;87.917;89.583
GNB;83.750;84.306;83.750;82.917;86.667;81.667;83.333;80.694;82.222;84.028;84.167;83.611;81.806;82.917;84.583;84.028;84.583;82.778;82.361;83.750;83.889;81.250;81.944;83.472;85.556;84.028;80.972;80.556;84.722;80.972;83.472;81.806;85.139;84.444;83.333;83.056;79.722;82.917;81.528;80.833;81.528;81.111;84.722;84.028;84.167;85.556;80.694;84.583;83.333;85.000;81.944;82.639;79.167;83.472;83.889;81.944;86.250;83.056;82.639;85.833;82.778;84.583;83.889;82.361;83.750;84.306;81.528;82.361;83.333;84.028;82.639;82.778;84.167;82.222;81.250;84.583;84.444;85.417;82.083;81.528;81.667;85.833;80.972;84.167;83.333;86.944;83.194;83.333;83.889;82.222;85.139;83.611;82.361;81.667;83.333;82.222;82.222;83.750;82.917;84.861
SVM;82.222;80.833;80.556;80.972;83.194;79.028;80.278;80.139;83.333;80.833;80.833;79.306;80.694;81.389;80.833;78.194;82.361;79.722;79.583;81.667;78.194;77.917;79.444;79.444;81.806;79.028;77.083;80.000;81.389;80.694;81.111;79.167;80.000;80.694;80.000;78.889;79.444;80.000;79.861;80.000;80.139;77.778;81.528;80.000;80.556;82.500;78.889;80.417;80.000;80.556;79.861;80.278;77.361;82.083;79.583;79.861;80.556;79.167;80.278;82.361;78.611;81.528;80.139;80.278;78.611;80.278;78.750;77.778;81.528;80.417;80.417;80.556;80.417;79.722;79.306;80.972;81.806;80.833;81.667;79.861;80.972;80.833;78.056;81.111;80.833;84.583;81.667;79.306;82.361;79.167;82.361;81.250;79.167;81.667;81.806;79.583;80.000;79.028;78.472;80.833
rbio6.8
RFC;83.611;81.389;81.667;84.167;83.750;79.444;81.806;82.083;84.167;84.306;82.500;83.750;85.139;80.833;83.194;81.806;84.167;82.222;83.194;81.250;80.556;80.972;80.000;80.278;83.333;84.028;82.222;80.556;80.972;79.583;82.778;82.500;80.000;82.639;82.639;81.667;77.778;82.222;81.250;79.583;80.000;82.222;84.306;82.778;80.833;84.028;78.889;81.944;81.806;84.444;80.139;81.667;77.083;83.056;79.583;81.806;84.167;82.083;80.694;83.056;79.306;85.000;82.639;81.667;80.833;81.528;81.389;80.139;80.972;80.556;85.556;81.944;82.917;84.722;80.278;80.833;81.528;83.472;84.306;79.722;82.778;81.806;80.278;83.056;79.306;85.556;81.528;82.778;82.083;81.528;81.389;84.583;80.694;84.028;84.444;79.861;83.611;81.806;80.556;83.472
KNN;92.778;91.111;91.389;92.917;92.083;89.722;90.833;90.417;92.222;91.389;92.083;89.583;89.861;91.389;91.250;90.139;91.111;89.444;89.167;90.694;91.667;90.278;89.167;89.861;93.889;91.806;91.250;90.833;91.389;88.333;91.528;90.833;91.944;90.556;90.000;91.528;90.694;91.250;90.139;89.861;90.833;91.528;91.806;89.306;91.667;93.611;90.278;90.972;90.972;92.778;90.556;91.250;89.028;90.556;90.694;92.639;92.917;90.417;91.806;93.056;90.278;92.361;90.972;90.972;90.139;90.694;88.889;90.694;91.528;91.389;91.528;90.694;92.500;92.500;90.278;90.972;92.222;93.056;92.222;90.139;91.111;91.667;90.833;93.056;90.417;92.361;90.694;90.556;91.250;92.083;92.361;91.111;91.667;93.194;92.083;90.000;91.667;91.667;90.556;92.083
GNB;85.139;87.083;86.250;85.000;87.917;84.306;84.861;81.806;85.417;86.250;86.389;85.972;85.139;84.583;86.806;86.389;87.083;84.861;84.722;86.944;83.750;83.611;81.528;84.861;86.250;85.833;86.806;80.972;85.556;82.917;83.611;83.750;86.667;85.278;86.389;86.250;82.917;84.861;83.056;84.028;85.000;82.500;86.250;85.417;85.278;86.111;82.361;85.417;86.111;87.361;83.889;84.167;80.833;84.444;85.833;83.333;87.778;84.861;85.833;88.056;84.444;86.111;83.750;85.556;85.972;84.861;84.167;84.722;86.111;85.694;87.917;85.833;85.972;85.556;84.444;86.528;86.111;87.222;82.639;84.444;84.028;87.500;83.889;84.861;83.194;87.917;85.556;84.167;84.722;82.639;86.667;85.139;82.222;86.528;85.972;86.111;84.444;85.694;85.833;86.944
SVM;84.306;83.472;84.028;84.028;85.417;81.389;81.389;82.639;84.861;84.306;83.889;82.361;83.472;82.083;85.000;82.500;84.167;81.944;82.778;82.917;81.667;80.556;81.667;82.500;85.694;82.361;80.972;82.917;84.861;81.806;85.556;83.889;84.167;82.778;81.944;82.917;82.778;84.167;80.833;82.361;81.667;81.250;83.750;81.389;82.500;84.583;81.944;83.750;82.639;84.722;83.333;83.056;79.722;84.306;82.222;84.028;83.611;82.917;83.056;84.444;81.111;84.583;81.250;81.528;82.361;83.056;81.389;82.083;83.472;83.056;83.333;83.611;84.722;83.750;82.083;83.750;83.889;83.194;84.306;81.806;83.889;84.861;83.333;83.750;81.806;85.833;84.444;82.083;84.444;83.056;85.139;83.194;81.806;85.000;85.833;81.806;83.611;82.083;81.944;84.444
sym2
RFC;82.778;83.056;83.750;82.083;85.278;80.000;80.417;81.528;81.944;82.361;80.972;80.417;84.306;80.556;79.167;80.972;84.028;81.806;83.750;81.528;81.250;80.417;81.667;80.694;83.333;81.111;81.528;82.361;82.917;81.111;82.222;81.667;80.972;83.194;80.972;80.694;80.972;81.111;80.972;81.944;81.944;81.528;84.167;83.333;81.111;83.611;80.972;80.972;80.833;82.778;79.583;81.111;80.139;80.278;83.194;81.528;82.778;82.361;81.528;82.639;80.417;81.667;79.306;82.222;80.972;81.528;79.306;80.694;82.500;80.139;83.889;78.333;82.083;80.417;77.361;82.222;83.194;86.389;82.222;80.694;83.472;82.361;81.806;81.111;80.278;83.194;79.861;81.806;83.333;82.361;82.083;82.778;77.917;82.639;81.667;80.139;82.500;79.861;82.917;84.444
KNN;92.083;91.389;91.389;91.806;91.806;88.194;90.000;90.000;91.250;91.528;92.222;90.000;90.417;90.972;91.806;89.861;91.944;89.306;90.417;90.000;89.861;90.139;88.889;89.861;92.778;90.972;89.861;89.722;90.694;89.167;91.111;91.111;91.944;91.250;88.889;91.111;90.139;89.861;90.833;91.111;90.833;89.722;90.694;89.028;89.583;92.361;90.417;89.861;90.556;91.528;91.250;90.694;88.194;91.250;90.139;91.111;92.639;89.722;90.417;92.083;89.722;91.944;90.000;90.972;89.722;90.694;88.194;89.167;90.278;90.694;91.250;90.278;91.944;90.694;89.722;91.944;91.944;93.333;91.944;88.194;90.556;91.528;89.722;91.389;89.028;92.500;91.111;90.278;90.833;90.972;91.111;90.556;90.694;92.500;91.806;89.861;90.556;90.694;90.417;91.528
GNB;85.278;87.500;85.694;85.139;87.917;83.056;85.694;82.222;85.694;85.417;86.250;86.250;85.833;85.556;85.972;86.528;85.417;84.028;85.278;84.306;83.333;81.667;81.389;84.167;87.083;86.528;83.611;83.611;86.528;82.083;82.778;84.028;83.750;85.694;85.833;85.417;80.972;83.194;81.528;83.611;85.139;83.333;86.806;84.444;85.972;86.806;81.389;84.306;85.278;87.639;83.056;82.917;80.278;84.167;84.583;82.639;87.083;83.056;83.472;86.806;84.722;87.361;84.444;85.694;82.639;85.417;83.333;84.583;85.278;83.472;86.667;85.417;85.694;83.889;83.889;86.806;85.417;85.972;84.306;82.500;83.194;86.111;82.361;84.722;84.583;87.639;85.417;83.194;83.750;83.750;85.417;86.111;82.222;83.333;85.417;82.500;84.444;84.722;84.028;87.222
SVM;84.306;83.611;83.194;84.167;86.806;80.694;82.500;83.611;84.722;84.583;83.333;81.528;82.500;84.028;83.611;82.639;84.722;82.639;82.222;83.611;81.806;79.861;81.528;82.083;85.000;84.444;81.667;82.222;84.167;81.111;84.028;83.611;82.778;84.306;82.500;82.917;81.389;82.083;82.778;82.500;80.556;81.250;84.167;82.361;82.083;85.278;81.389;82.778;83.333;83.889;82.500;82.083;79.444;85.694;82.639;81.389;84.306;82.083;83.472;85.694;80.278;84.722;83.333;84.444;81.389;83.056;81.250;82.778;83.472;82.778;84.583;82.917;84.028;84.583;81.944;85.000;83.194;84.444;82.778;82.639;84.583;83.750;81.389;83.889;82.778;86.806;84.722;80.556;84.722;81.389;84.028;82.917;81.806;83.750;83.611;83.750;83.194;80.972;81.944;83.333
sym3
RFC;82.778;81.806;83.611;82.083;85.556;80.694;80.694;78.750;82.361;81.667;81.667;81.389;83.194;80.556;81.528;82.917;82.778;80.833;80.556;82.639;82.361;80.417;79.722;81.389;83.194;83.056;79.444;80.833;83.750;82.500;80.417;80.972;83.194;83.056;80.000;83.056;80.139;78.333;78.611;79.167;81.667;79.028;82.917;81.944;81.806;83.333;80.972;83.750;84.306;83.194;79.306;79.028;77.500;81.806;83.194;83.611;82.222;82.222;81.806;83.194;80.417;80.972;80.972;83.194;82.500;81.944;82.917;79.167;80.833;79.861;82.500;83.194;83.333;80.694;79.167;82.917;82.361;85.417;79.861;81.111;81.806;82.500;78.889;82.361;80.556;84.167;81.111;80.556;83.750;79.583;82.639;81.111;80.417;82.083;83.333;79.306;80.556;81.250;78.056;82.222
KNN;91.667;90.833;91.250;92.083;91.250;89.028;90.000;89.444;91.250;91.389;91.389;89.306;90.417;90.694;92.083;90.556;92.083;88.750;90.000;89.722;90.278;90.278;88.750;89.583;92.639;90.972;90.278;89.583;90.278;89.306;91.111;90.694;90.972;91.250;88.889;91.111;89.722;90.278;90.139;90.694;91.250;89.306;90.833;88.889;90.000;92.778;90.278;89.167;90.556;91.111;90.694;91.667;88.750;90.694;90.833;90.972;92.361;89.444;90.694;92.361;89.583;91.944;89.861;90.833;90.139;90.556;88.472;89.722;90.417;90.694;91.250;90.139;91.806;90.972;88.889;91.667;92.222;92.917;92.222;88.056;90.556;91.528;89.306;91.111;88.889;92.361;90.972;89.861;90.139;90.972;91.667;90.000;90.556;92.222;91.250;89.306;90.278;91.250;90.278;90.972
GNB;85.556;86.250;85.556;84.167;87.222;84.028;85.417;83.611;84.861;85.972;84.722;85.833;85.417;83.333;88.333;84.583;86.528;85.000;85.694;85.972;84.167;82.917;80.833;84.028;85.556;86.250;82.639;84.028;86.528;82.778;84.028;83.194;85.694;84.722;85.000;85.000;81.667;82.500;82.500;83.750;84.722;81.667;87.222;85.139;86.806;87.083;83.194;84.861;86.250;87.500;82.639;83.889;82.222;84.583;84.861;82.361;88.889;83.750;83.611;87.639;84.306;86.250;83.889;85.556;84.028;84.167;83.889;84.167;85.000;84.444;87.639;85.833;84.583;83.750;83.472;88.333;85.833;85.972;83.472;84.167;84.306;87.361;83.750;85.278;83.750;87.361;85.278;83.194;83.333;82.917;85.556;84.861;83.750;83.472;85.833;82.917;85.000;85.417;85.694;85.278
SVM;84.722;83.889;83.194;83.750;84.444;81.667;83.056;84.028;84.861;84.444;83.750;82.778;82.222;82.778;83.333;82.778;84.306;82.778;82.917;83.333;81.389;80.694;81.667;82.083;85.833;84.028;82.222;82.222;84.306;81.944;84.444;83.194;83.194;82.778;82.500;81.528;82.361;81.667;82.083;82.917;81.111;80.694;83.750;82.083;83.611;84.583;81.944;82.500;82.083;83.611;82.361;82.778;79.167;85.000;82.778;82.361;83.889;82.222;83.333;84.306;80.417;82.917;83.056;83.333;81.944;83.889;82.361;82.917;84.306;83.194;84.306;83.472;83.056;84.306;83.056;84.722;83.333;84.306;83.750;81.667;83.750;83.750;81.944;84.028;82.361;86.667;83.889;81.667;83.889;81.944;83.472;83.194;81.111;84.861;84.028;83.333;81.944;82.222;81.250;84.444
sym4
RFC;82.361;82.500;81.667;81.806;84.444;78.750;80.972;81.250;82.500;82.917;80.972;80.694;80.000;80.556;79.583;82.083;83.750;79.306;79.583;82.222;82.917;79.306;79.861;79.583;83.194;82.222;80.417;80.278;85.278;79.583;82.778;82.778;78.889;80.833;77.778;82.222;81.806;80.556;81.111;80.694;79.722;79.306;84.583;81.389;82.361;84.444;80.833;80.556;82.778;82.778;81.528;80.694;80.000;82.361;80.556;77.917;85.556;78.750;82.639;83.472;78.889;81.111;82.778;83.889;80.556;82.222;81.667;79.722;81.250;79.583;82.361;81.667;80.000;80.833;79.028;80.972;80.833;82.917;81.250;82.083;82.500;80.972;79.444;82.778;80.556;82.917;79.722;79.167;80.694;79.722;84.028;83.750;80.139;80.694;83.611;78.056;79.306;80.833;79.722;81.528
KNN;92.083;91.250;90.417;92.222;91.944;89.306;90.417;90.139;91.250;91.111;90.972;89.444;89.583;91.111;91.389;89.861;91.111;89.444;88.472;89.444;90.139;89.861;88.472;89.167;93.194;91.111;90.694;89.861;90.278;88.333;90.833;90.694;91.944;91.250;89.444;91.250;90.000;90.417;89.444;89.861;90.694;90.694;91.111;88.750;90.000;93.472;90.139;90.000;90.417;90.694;90.833;91.111;88.194;90.556;90.556;91.111;92.639;90.139;91.111;91.944;89.722;91.528;90.000;90.556;89.306;90.139;88.889;90.556;90.972;90.972;90.694;90.139;92.500;91.250;89.583;90.833;91.944;92.917;92.500;88.750;91.250;91.806;90.000;92.222;89.583;92.083;90.972;90.417;91.111;91.111;91.250;90.278;90.278;92.361;91.806;89.444;90.417;91.667;90.694;91.111
GNB;86.250;87.083;86.806;83.472;88.056;83.333;85.278;81.528;84.722;86.389;84.306;86.389;84.583;83.194;86.111;87.083;86.944;83.194;84.722;85.000;84.167;82.500;83.194;85.278;86.111;86.111;85.000;82.083;86.389;82.222;85.000;84.306;85.694;85.694;84.861;84.028;81.111;82.639;83.194;84.167;84.583;80.556;87.222;84.861;86.528;86.528;81.389;85.972;85.972;85.278;82.083;83.194;80.694;83.889;84.167;83.194;87.222;84.306;84.722;85.833;82.778;86.528;83.611;85.694;85.556;84.306;83.194;84.306;83.750;84.861;87.083;86.806;85.694;83.750;82.361;87.500;85.694;87.083;83.194;83.472;83.889;87.083;84.167;85.139;83.750;86.667;84.722;81.528;84.306;82.361;85.417;84.583;82.361;83.194;86.250;84.167;84.583;85.000;84.306;86.944
SVM;83.333;83.472;82.917;83.889;85.833;80.417;80.278;81.528;84.722;84.306;83.194;80.833;83.472;83.056;82.639;82.778;84.722;82.639;83.472;82.917;81.389;80.278;81.944;80.833;85.278;82.639;81.806;81.944;82.639;81.944;82.917;81.667;83.056;83.056;81.111;81.944;81.806;82.083;81.528;82.361;80.417;80.694;82.500;81.389;82.917;83.889;81.528;83.750;82.500;83.194;82.917;81.667;79.167;84.167;81.389;82.361;83.750;81.944;82.917;83.333;81.528;83.889;82.639;82.778;81.944;82.778;81.250;81.806;83.472;83.611;82.639;82.639;82.500;83.472;82.500;83.333;83.472;83.750;83.611;81.250;84.028;83.194;81.806;84.722;82.083;85.139;83.750;81.944;84.583;81.528;83.889;83.333;81.528;84.444;83.889;82.500;82.500;80.833;80.278;83.056
sym5
RFC;84.583;81.389;80.139;80.972;84.167;80.000;81.944;79.861;81.667;81.528;80.972;80.000;82.083;80.417;81.250;81.944;84.861;80.833;81.528;83.056;81.667;79.028;81.944;79.722;82.639;80.972;80.972;80.000;84.167;80.000;81.528;82.917;81.250;82.500;80.556;82.222;81.111;79.861;82.778;79.444;80.972;81.667;82.361;80.278;81.111;84.861;80.139;80.417;81.944;81.528;78.194;81.111;79.861;81.111;82.778;79.167;82.778;82.639;84.028;84.167;81.806;81.806;79.583;79.722;84.167;81.389;81.250;81.806;83.056;79.028;84.028;81.389;81.389;80.556;79.306;81.806;82.083;81.806;81.528;78.889;80.694;83.889;82.222;82.639;79.861;81.944;82.222;81.667;83.194;80.972;84.306;83.333;75.833;81.111;85.139;79.583;78.750;80.972;80.417;84.444
KNN;91.806;91.111;90.833;92.778;91.528;89.583;90.694;90.417;92.222;91.389;91.667;89.583;90.000;91.111;91.389;89.861;90.972;88.889;88.750;89.861;90.694;90.139;88.611;89.583;93.056;90.694;90.556;90.139;90.972;88.472;90.972;91.111;91.667;90.972;89.444;91.389;90.000;90.417;90.417;90.139;90.139;90.694;91.111;88.750;91.111;93.333;89.861;89.722;90.694;91.667;90.972;91.250;88.889;90.278;90.139;91.111;92.778;90.556;90.833;92.917;90.000;91.667;89.861;90.833;90.000;90.556;89.028;90.556;91.111;91.111;91.528;90.417;92.500;91.806;89.444;91.528;92.222;92.917;92.361;89.306;91.111;91.944;89.861;92.222;90.139;92.083;90.556;90.139;91.389;91.250;91.250;91.250;91.111;92.500;91.528;89.583;90.694;91.528;90.972;91.528
GNB;85.972;88.333;86.111;84.722;87.778;82.917;85.972;81.944;85.139;86.250;84.861;86.250;85.833;83.889;87.361;86.806;85.694;84.028;85.278;85.694;84.028;82.639;83.056;84.167;86.528;86.806;84.167;82.083;86.389;82.083;84.028;85.833;87.917;86.250;84.583;85.139;81.806;82.361;82.639;84.028;83.333;82.500;86.528;84.167;86.528;85.833;82.639;85.000;85.278;85.972;82.500;84.306;81.944;85.000;84.028;83.194;87.917;84.306;85.417;86.389;84.722;86.806;84.444;86.806;85.556;85.556;83.889;84.583;84.583;84.861;87.222;85.833;85.139;84.306;83.056;86.944;85.556;87.639;85.139;84.028;82.917;86.944;84.306;85.833;83.333;85.972;85.000;84.167;85.556;83.333;86.111;84.028;83.750;85.000;85.417;84.861;85.694;84.444;83.472;86.528
SVM;84.167;83.889;84.028;84.167;86.389;81.528;81.111;81.944;85.556;83.611;82.917;80.972;83.333;83.333;84.444;82.639;85.556;83.472;82.500;82.639;81.667;80.417;81.667;80.833;85.139;82.778;80.972;81.667;84.444;81.806;83.333;81.111;84.722;83.611;81.944;82.083;82.222;82.222;82.083;82.917;80.833;81.111;82.639;81.528;81.944;84.722;81.389;83.056;82.639;83.333;82.361;81.944;79.583;84.444;81.806;82.639;83.889;82.917;82.639;84.722;81.389;84.167;83.056;81.944;81.111;82.361;81.528;81.806;83.611;84.028;83.194;82.361;82.778;83.750;82.361;83.611;83.611;84.167;85.417;81.111;83.750;83.889;83.056;84.861;81.944;85.972;83.472;82.639;84.444;81.389;84.306;84.167;81.389;85.000;84.861;81.389;82.500;81.250;81.944;83.611
sym6
RFC;83.056;83.333;84.306;82.083;83.056;82.500;80.417;79.028;83.611;82.083;85.139;80.833;84.167;80.139;81.250;78.750;81.944;78.611;80.556;81.528;83.889;79.861;80.139;81.250;85.556;84.444;79.306;81.528;84.583;80.833;81.806;80.278;80.972;83.194;81.111;82.361;81.944;81.389;79.722;80.833;81.111;81.806;82.222;80.972;80.417;81.806;79.167;79.861;79.306;85.694;78.611;82.361;78.611;81.667;80.972;81.667;83.611;81.944;81.944;80.694;79.444;83.333;81.250;84.306;81.111;81.250;79.861;79.722;80.694;81.806;83.056;82.222;81.944;80.694;80.556;83.611;83.750;83.333;81.806;80.139;82.639;82.222;82.083;81.528;82.639;85.278;81.806;82.222;83.472;79.861;83.056;83.889;82.083;83.056;82.778;80.556;80.417;80.556;77.361;81.944
KNN;91.528;91.250;91.806;92.222;91.944;89.861;91.250;90.694;91.667;91.667;91.250;89.583;89.583;91.111;91.667;90.139;90.972;89.028;88.889;90.000;90.694;89.722;88.889;89.167;93.056;91.250;90.278;90.278;91.389;88.611;91.389;90.972;91.667;90.833;89.167;91.667;90.417;90.417;89.861;90.139;90.556;90.972;91.944;88.889;90.694;93.194;90.694;89.861;90.556;91.250;90.694;91.250;89.444;91.111;90.833;91.250;92.917;89.861;91.250;93.333;90.556;91.944;89.583;91.111;90.278;90.833;88.611;90.833;91.806;91.528;91.528;91.111;92.083;91.806;90.139;90.556;91.806;92.361;92.361;88.889;90.833;91.667;90.694;92.361;90.139;92.639;91.111;90.694;91.111;91.667;91.528;91.389;91.667;91.944;91.389;90.139;90.417;91.111;90.417;91.389
GNB;86.667;87.639;86.389;83.472;88.333;83.472;85.000;81.806;85.556;85.417;84.583;85.417;87.083;84.167;87.639;86.667;87.500;84.167;84.167;86.389;83.750;83.333;81.806;84.583;86.806;86.250;85.139;81.667;87.083;81.250;85.139;85.694;86.806;85.000;84.167;84.722;82.917;82.361;82.917;84.167;83.611;81.250;87.639;85.694;85.833;87.222;82.639;85.417;85.278;86.111;83.472;83.889;81.667;83.611;84.861;83.333;88.194;84.583;84.861;86.667;84.306;86.111;84.861;85.972;84.444;85.556;82.917;82.778;85.139;85.972;86.806;85.972;85.000;85.139;83.750;86.944;86.806;87.083;84.444;83.889;84.306;86.528;83.333;86.250;83.194;87.778;85.000;83.194;85.417;84.028;86.528;84.583;83.056;85.417;86.806;84.583;85.556;84.444;85.417;86.389
SVM;84.861;83.889;83.472;83.472;86.250;80.972;81.250;81.667;85.278;84.583;84.028;81.250;83.750;82.917;83.750;82.778;85.000;82.083;83.472;84.722;81.528;79.861;82.083;81.944;83.472;82.222;81.250;81.389;84.861;81.250;83.889;82.083;83.889;83.056;81.944;82.500;82.778;82.222;82.083;82.500;82.083;80.694;83.333;81.944;82.222;84.306;82.500;83.472;82.222;84.306;83.333;82.639;79.306;83.889;81.667;82.917;83.333;82.639;83.611;84.861;80.556;83.889;83.333;81.944;81.667;81.806;81.528;82.083;84.028;84.167;82.917;84.028;84.028;82.917;82.500;83.611;83.333;83.889;85.000;80.694;83.472;83.472;81.667;84.861;82.222;85.694;83.889;82.222;83.889;82.222;84.861;83.611;81.806;84.861;85.694;81.667;83.333;82.083;80.972;83.889
sym7
RFC;84.167;83.611;84.722;81.806;82.222;79.583;81.111;79.444;82.917;82.222;81.944;83.611;82.778;79.583;82.083;81.389;81.528;80.833;82.222;83.056;80.556;79.167;77.500;81.111;82.639;82.917;82.083;83.889;80.694;80.139;81.667;80.417;83.194;80.417;80.139;81.944;79.444;83.611;82.917;77.222;79.167;79.861;83.889;81.111;80.139;83.750;81.667;81.944;82.639;84.028;80.278;84.167;80.556;79.444;80.417;84.167;82.778;82.222;81.389;83.889;79.861;82.083;79.583;81.250;82.361;79.444;81.250;82.778;84.583;80.694;83.889;81.389;83.472;83.889;77.222;81.250;83.194;82.361;83.750;79.722;81.389;80.417;79.583;82.083;79.722;81.944;84.306;80.556;83.611;80.417;82.083;81.528;78.333;84.167;82.222;82.500;80.556;82.361;80.417;82.222
KNN;91.806;91.389;90.694;92.917;91.806;89.722;91.389;90.556;92.222;91.389;91.667;89.306;89.583;90.972;92.361;90.694;91.389;89.722;88.750;90.556;90.417;90.278;88.750;89.722;94.028;91.389;89.861;90.417;90.694;88.333;91.528;90.972;91.667;90.833;89.444;91.528;90.556;90.833;90.139;90.417;90.000;90.972;91.389;89.306;91.389;93.889;90.694;89.583;91.111;91.806;90.833;91.250;89.167;91.111;90.139;91.667;92.639;90.417;91.250;92.778;90.694;92.083;89.583;90.833;90.833;90.694;88.611;90.694;91.250;91.389;91.806;90.556;91.944;91.806;90.139;90.972;92.083;92.639;92.500;90.000;91.250;91.389;90.972;92.222;90.556;92.361;91.250;89.722;91.111;92.222;92.083;91.389;91.528;92.639;91.944;89.861;91.111;91.389;90.417;91.389
GNB;85.278;87.639;86.806;84.444;87.361;82.639;85.278;82.083;85.694;86.250;85.972;87.222;85.278;84.583;88.194;86.944;87.361;85.278;85.139;86.944;85.278;83.889;83.194;84.444;87.500;88.056;84.722;81.944;85.556;83.056;84.444;84.722;86.944;85.417;85.833;85.417;82.917;83.472;82.361;84.722;84.722;82.083;87.222;85.000;86.250;85.972;82.917;85.417;85.417;85.833;83.750;83.472;81.667;85.417;85.278;83.611;87.361;85.139;84.583;87.083;85.417;86.944;84.028;86.389;85.278;85.000;83.194;84.028;84.306;85.694;87.500;84.861;85.556;86.389;84.028;87.500;87.361;86.944;82.778;83.889;84.167;86.667;83.611;84.722;84.861;88.194;85.556;83.889;85.278;83.889;86.667;85.000;83.611;84.861;87.778;84.722;85.833;85.417;84.722;86.806
SVM;84.444;83.750;83.750;83.889;85.833;81.667;80.556;82.500;85.833;84.444;84.028;82.639;83.472;83.333;85.139;82.917;85.278;83.056;83.056;83.056;81.389;79.722;81.667;82.361;86.667;82.500;80.972;81.944;84.028;82.222;84.167;82.083;84.028;84.444;82.222;82.083;81.806;82.083;81.806;82.917;81.111;81.250;82.778;82.500;82.639;83.750;82.222;84.167;82.500;85.000;83.194;82.222;79.722;83.333;82.083;83.472;83.611;82.917;83.750;84.306;81.250;84.167;84.028;82.361;82.361;82.778;82.222;81.389;83.750;83.889;83.611;83.611;84.028;83.056;82.361;83.889;83.611;83.750;85.139;81.806;83.750;84.444;83.194;84.167;81.806;85.833;84.167;82.222;83.889;82.500;85.278;83.750;81.944;85.833;85.556;82.083;83.056;81.667;81.250;84.722
sym8
RFC;83.056;82.222;81.806;84.306;84.028;80.694;80.278;79.861;82.083;82.083;81.250;81.944;82.083;82.500;82.222;81.944;82.222;78.750;78.333;82.500;80.417;78.333;82.083;82.917;81.806;80.556;81.944;81.528;84.028;82.361;79.444;81.806;82.917;81.111;81.944;82.639;82.778;79.861;82.500;79.861;80.972;81.944;85.000;82.361;82.083;81.667;82.361;80.972;80.972;81.389;79.306;80.000;79.583;82.361;80.556;81.389;81.806;81.111;81.806;82.917;82.222;81.250;80.833;82.083;80.833;80.556;78.056;79.861;84.444;80.556;84.306;81.528;81.111;80.833;79.306;81.389;81.111;82.083;80.972;79.722;80.694;83.611;79.861;82.500;80.972;85.833;80.972;81.111;81.806;81.944;83.889;84.028;81.111;81.250;84.444;80.972;80.417;81.806;81.250;80.833
KNN;91.389;90.417;90.972;92.222;92.361;89.306;90.417;89.028;91.667;91.111;91.944;88.889;89.444;91.528;91.389;89.583;90.556;89.306;89.167;89.861;91.250;90.417;88.889;89.583;93.194;91.250;90.278;90.000;91.111;87.778;91.250;90.556;90.833;90.417;89.583;91.389;90.139;90.972;90.278;90.000;90.417;91.111;91.806;88.194;91.111;92.778;89.583;90.139;90.139;91.806;90.000;90.278;88.750;90.556;90.000;91.389;92.778;89.444;91.111;92.639;90.000;91.528;89.444;90.417;90.139;90.556;88.194;89.583;90.972;90.833;91.250;90.556;91.806;90.972;89.444;90.556;91.944;92.639;92.222;89.167;91.111;91.389;90.694;92.083;90.139;92.500;90.417;90.417;91.250;91.667;91.806;90.833;91.528;91.944;90.972;89.722;90.417;91.389;90.000;91.389
GNB;85.694;87.083;87.222;83.889;87.639;84.444;85.278;81.667;84.722;85.417;86.528;85.833;85.833;85.000;87.500;86.528;86.389;84.583;84.444;86.250;84.306;84.306;82.639;84.306;87.222;86.389;85.000;82.361;87.639;82.083;84.167;83.472;87.361;86.389;86.944;85.278;82.778;84.167;82.222;83.889;83.472;82.083;86.806;84.306;86.250;86.389;82.361;85.833;84.583;87.500;84.306;83.611;80.556;83.056;85.972;84.722;88.333;85.556;85.833;86.389;83.889;85.000;83.194;86.389;85.278;85.139;84.722;84.583;85.556;86.250;87.083;85.278;83.750;85.556;84.167;87.361;85.694;86.389;84.167;83.194;85.556;86.806;84.167;85.278;85.000;87.917;85.417;84.167;83.472;83.889;85.833;86.806;83.889;85.694;85.694;83.472;85.278;85.000;84.306;85.972
SVM;84.028;83.056;83.333;82.639;85.556;80.833;81.250;81.806;85.417;82.222;83.889;81.944;83.194;82.500;83.750;81.111;83.750;81.667;83.611;83.194;81.389;80.694;81.667;82.222;85.556;82.083;80.417;81.806;83.472;81.389;83.472;82.222;83.472;83.056;82.500;82.361;81.528;81.528;80.972;82.361;81.667;80.694;83.056;81.389;82.917;84.167;81.806;83.611;83.333;83.889;83.472;82.500;78.611;83.056;81.667;82.639;81.806;83.472;83.472;84.583;80.972;84.583;82.500;81.806;81.250;82.222;81.111;81.944;83.472;82.361;82.361;82.639;83.194;83.056;81.667;84.444;83.333;83.611;84.444;82.222;83.056;84.028;82.222;83.056;82.917;85.417;83.889;81.806;84.167;81.806;85.000;83.472;82.361;85.417;84.444;82.222;83.333;83.194;82.222;83.194
sym9
RFC;83.194;82.778;81.667;82.361;83.889;80.139;83.750;79.861;82.778;82.639;82.500;81.667;83.889;80.972;82.361;81.806;81.806;80.139;79.583;83.750;80.278;78.750;79.722;79.306;81.667;82.083;81.528;82.222;85.139;78.889;80.278;83.472;83.472;81.528;82.083;81.667;79.722;82.083;81.111;80.000;81.806;79.583;84.444;82.639;81.111;84.722;79.583;83.194;83.194;82.917;80.278;84.861;79.306;82.917;83.194;82.361;83.056;81.528;80.972;83.333;81.667;83.750;81.667;83.472;82.917;81.389;80.972;81.389;83.056;81.111;84.167;80.556;83.472;81.944;78.472;81.806;82.917;84.028;83.194;80.556;82.222;81.528;79.722;81.528;80.972;83.889;82.500;84.583;81.944;82.361;84.306;85.000;81.944;80.972;83.056;79.861;81.250;80.000;79.028;82.778
KNN;91.944;90.833;91.389;91.944;92.361;89.583;90.417;89.861;91.667;91.528;91.944;90.000;89.444;90.972;90.972;89.583;91.111;89.306;88.750;90.139;91.389;90.417;89.028;90.278;93.750;91.667;91.111;91.111;90.972;88.472;91.806;90.972;91.667;91.111;89.444;91.389;90.139;90.972;90.417;90.139;90.972;90.972;91.667;88.889;91.111;92.222;90.139;90.000;90.556;91.528;89.583;91.111;88.750;90.556;90.556;92.361;92.361;90.000;90.556;92.778;90.556;92.222;90.278;90.278;90.417;91.250;88.056;90.000;91.528;91.944;91.528;90.278;92.083;91.250;89.722;90.833;92.083;93.194;92.778;89.167;90.972;91.667;90.833;92.917;90.000;92.361;91.528;89.722;91.528;92.083;91.944;90.417;91.389;92.222;91.667;89.861;90.694;90.972;90.556;91.806
GNB;86.250;87.083;86.806;85.139;88.472;83.611;86.111;82.500;85.556;86.111;85.139;85.556;84.444;83.056;86.806;84.583;86.528;82.917;85.278;86.806;83.889;83.472;83.333;85.417;86.389;87.778;85.694;81.944;86.111;81.111;82.917;83.333;86.944;85.972;85.417;86.528;82.222;84.583;83.472;83.611;83.194;81.667;87.083;86.250;85.972;87.639;81.528;86.250;85.556;87.361;84.167;84.167;82.361;84.167;86.111;83.889;87.639;85.278;85.417;87.222;85.417;86.667;83.472;85.972;84.861;85.972;83.611;83.056;85.417;85.833;88.194;85.556;85.000;85.556;83.194;88.333;85.556;86.250;84.444;83.889;84.306;87.361;84.861;84.861;84.444;87.917;84.722;83.611;84.167;83.333;87.222;85.417;84.028;85.972;86.806;85.139;85.556;86.111;85.694;86.111
SVM;84.583;84.722;84.167;84.583;86.250;81.667;81.111;83.056;85.556;82.639;84.722;82.778;82.917;83.194;83.750;82.222;83.889;81.667;83.194;83.611;81.667;81.250;81.944;82.778;84.722;82.917;81.389;82.778;84.861;81.944;84.444;83.472;85.000;82.917;81.944;83.611;81.250;82.778;81.111;81.944;82.083;81.528;82.778;82.222;82.639;84.444;82.222;82.639;83.611;84.167;83.889;83.056;80.556;84.583;80.833;83.611;84.167;82.778;83.056;84.306;80.972;85.000;82.778;81.111;80.833;83.056;81.389;81.389;83.611;83.472;82.917;83.472;84.028;83.333;81.806;83.611;83.889;84.444;84.722;81.667;83.472;83.472;82.500;83.333;83.194;86.389;84.028;81.667;84.444;82.083;84.167;83.056;82.500;86.111;84.722;81.250;83.750;82.222;81.250;83.611
sym10
RFC;84.722;81.389;81.806;79.444;83.056;79.167;82.500;79.444;85.139;81.389;82.917;82.083;81.389;81.111;80.556;81.111;81.667;79.028;80.972;84.028;81.250;77.500;81.111;83.333;80.139;82.917;81.528;82.083;80.417;77.500;80.278;80.417;81.806;79.028;78.889;80.694;81.111;80.417;83.750;81.389;84.167;81.806;82.917;80.139;80.833;82.361;81.250;82.083;81.528;82.639;78.611;84.028;75.417;84.028;82.917;83.611;82.778;80.833;81.528;82.778;79.306;82.639;81.944;81.944;80.833;82.500;80.694;83.611;80.139;79.167;83.889;82.778;79.583;80.972;78.333;80.833;82.500;84.167;80.556;80.278;79.861;85.278;80.694;81.111;82.222;85.278;83.194;82.222;81.944;81.806;81.250;80.694;79.861;84.306;81.389;80.000;80.278;78.611;76.667;83.472
KNN;91.944;90.139;90.417;92.083;92.500;89.028;89.722;89.583;91.667;90.556;91.111;89.444;89.306;90.833;91.111;88.611;90.417;89.167;89.444;90.278;90.833;90.278;89.167;90.139;92.361;91.250;91.389;90.417;91.944;88.056;91.111;90.694;91.528;90.417;90.000;91.667;90.833;90.694;90.278;90.139;90.972;91.111;91.667;89.028;90.972;92.500;89.861;90.278;89.861;92.500;89.583;90.278;88.056;90.694;89.861;92.778;92.222;90.000;90.972;91.806;90.000;91.528;89.028;88.889;89.306;91.389;88.194;89.861;91.250;90.972;90.833;90.556;91.806;90.000;89.861;90.694;90.972;93.056;91.944;89.444;91.528;91.389;90.556;92.361;90.556;92.083;90.278;90.278;90.972;90.556;91.944;90.556;91.528;91.667;91.389;89.444;90.139;91.111;90.694;91.250
GNB;85.972;87.917;85.417;85.417;86.806;84.861;85.417;82.500;85.278;85.972;85.833;85.972;85.694;85.139;88.333;84.306;86.667;83.333;84.722;86.389;83.333;84.306;82.083;85.972;86.944;88.333;85.278;83.750;86.111;81.250;82.778;85.972;88.333;85.000;85.417;85.278;82.361;85.000;82.083;85.139;84.722;83.611;87.639;87.361;85.000;88.194;84.028;86.528;84.583;86.944;85.000;84.028;81.667;84.583;85.000;83.889;88.611;85.417;86.111;85.972;84.861;85.694;82.917;85.556;85.278;85.556;83.194;85.556;85.000;85.417;87.917;85.833;85.694;85.833;83.056;86.389;85.556;85.556;84.583;83.333;83.333;86.667;83.750;86.250;82.361;87.778;84.167;84.444;83.194;83.889;86.528;86.389;84.722;86.250;87.361;85.278;84.583;84.861;83.750;85.972
SVM;83.472;82.917;83.333;83.333;85.972;81.250;82.222;81.528;85.139;83.333;82.778;82.778;83.472;82.917;83.194;81.111;83.056;81.667;81.389;82.639;81.250;80.278;81.389;83.333;85.694;80.972;81.806;82.222;83.056;80.694;84.028;81.528;83.333;82.639;81.528;82.500;81.944;80.972;79.861;81.667;82.361;80.000;83.333;82.361;81.389;84.306;82.222;82.222;81.944;84.306;83.750;83.750;78.750;83.056;80.972;82.639;83.611;83.472;83.611;84.167;80.000;84.306;82.361;82.500;81.528;82.917;82.083;84.306;82.778;81.944;84.028;82.361;82.639;83.194;81.389;82.917;83.889;83.333;84.028;80.417;83.333;83.056;81.806;83.056;82.500;84.861;84.306;81.667;83.750;83.333;83.611;82.917;82.778;85.000;83.611;80.694;83.333;82.361;82.361;82.500
sym11
RFC;84.722;81.667;82.917;83.611;86.250;78.472;82.083;83.750;85.000;83.889;82.083;80.972;83.889;82.639;80.833;82.222;81.667;80.000;81.806;83.472;84.028;79.306;80.972;79.722;83.194;81.944;79.722;83.194;82.222;82.361;81.250;80.139;81.111;84.444;80.833;80.417;80.417;81.667;79.861;80.000;80.556;79.722;82.361;81.389;80.000;83.194;80.833;82.361;81.250;82.083;80.139;80.417;79.861;81.528;80.972;81.944;83.472;81.944;83.194;82.083;80.556;80.556;80.139;82.778;82.083;82.500;79.583;76.944;81.111;83.194;83.472;80.556;80.556;82.917;79.861;80.833;83.889;82.083;82.500;79.583;80.556;85.278;79.861;82.778;80.000;84.861;83.750;81.667;79.861;83.611;80.972;81.806;79.861;81.528;83.472;81.944;79.722;84.028;79.583;83.611
KNN;91.806;90.833;90.278;92.222;92.500;89.167;90.000;89.861;91.806;90.833;91.528;90.139;88.889;91.250;90.556;89.722;90.833;89.167;89.861;89.861;91.944;90.556;89.444;90.417;93.056;91.528;90.833;90.556;91.250;87.639;91.667;91.528;91.389;90.556;89.722;91.944;90.833;90.972;90.000;89.583;90.972;90.694;91.806;88.889;91.250;92.917;89.722;90.556;90.000;92.361;89.722;90.417;88.333;90.139;90.139;92.778;92.639;89.583;91.111;92.639;89.722;91.389;89.722;89.583;89.306;91.528;87.778;90.139;91.250;91.250;91.111;91.111;91.389;90.556;89.861;90.694;92.083;93.194;91.944;90.000;91.250;91.528;89.861;92.222;90.278;92.500;90.972;90.278;91.250;90.833;92.222;90.556;91.806;91.944;91.667;90.000;90.694;91.389;90.139;92.083
GNB;85.417;87.778;85.000;85.139;87.778;83.750;85.417;83.194;86.111;85.694;85.972;85.000;86.389;84.722;86.944;84.861;86.806;84.722;84.028;85.694;84.167;85.417;81.806;84.167;87.083;86.944;86.667;82.639;85.556;82.361;82.778;81.667;87.361;85.833;86.111;85.417;83.472;85.000;82.083;84.444;85.278;82.778;86.250;85.972;86.944;87.500;83.194;86.806;85.556;85.972;84.444;84.583;80.139;83.750;85.972;84.583;87.083;85.139;83.194;87.500;83.889;86.667;84.167;86.250;84.583;85.556;83.056;84.583;84.028;85.278;87.361;85.833;84.583;84.722;82.917;86.389;85.833;87.222;84.167;84.583;83.472;86.389;83.056;85.278;83.889;88.194;84.444;84.583;83.194;84.306;87.083;83.889;82.917;86.250;87.083;84.167;85.417;85.278;84.028;85.833
SVM;84.583;82.361;83.194;83.472;86.528;81.667;81.250;83.750;84.722;83.194;83.472;82.361;82.083;82.639;83.333;81.389;83.194;82.639;82.917;83.750;80.833;81.250;81.250;82.917;85.417;81.528;81.389;82.639;83.611;80.417;83.056;82.500;82.639;83.194;81.667;83.611;82.222;82.083;80.972;81.944;82.083;81.111;82.500;82.222;82.361;84.306;81.806;82.639;83.889;82.917;83.472;81.944;79.583;82.917;81.667;84.028;82.917;82.917;82.778;84.028;79.722;85.000;81.389;82.222;80.833;83.056;80.833;82.917;82.917;83.056;82.917;83.472;83.194;82.917;81.667;82.639;82.778;85.139;84.444;80.972;83.333;83.194;81.806;82.778;82.222;84.722;83.056;81.389;83.611;82.222;84.583;83.056;82.083;84.028;84.167;81.111;82.778;82.778;82.083;83.472
